1.0000e+00
   9.9950e-01
   9.9801e-01
   9.9556e-01
   9.9217e-01
   9.8786e-01
   9.8266e-01
   9.7659e-01
   9.6967e-01
   9.6194e-01
   9.5343e-01
   9.4415e-01
   9.3414e-01
   9.2343e-01
   9.1205e-01
   9.0002e-01
   8.8738e-01
   8.7416e-01
   8.6039e-01
   8.4610e-01
   8.3132e-01
   8.1608e-01
   8.0042e-01
   7.8436e-01
   7.6794e-01
   7.5119e-01
   7.3414e-01
   7.1682e-01
   6.9927e-01
   6.8151e-01
   6.6357e-01
   6.4549e-01
   6.2729e-01
   6.0900e-01
   5.9065e-01
   5.7228e-01
   5.5390e-01
   5.3555e-01
   5.1725e-01
   4.9903e-01
   4.8091e-01
   4.6292e-01
   4.4508e-01
   4.2741e-01
   4.0995e-01
   3.9270e-01
   3.7569e-01
   3.5893e-01
   3.4246e-01
   3.2628e-01
   3.1042e-01
   2.9488e-01
   2.7969e-01
   2.6485e-01
   2.5038e-01
   2.3630e-01
   2.2261e-01
   2.0932e-01
   1.9644e-01
   1.8399e-01
   1.7196e-01
   1.6036e-01
   1.4920e-01
   1.3848e-01
   1.2821e-01
   1.1838e-01
   1.0900e-01
   1.0006e-01
   9.1565e-02
   8.3513e-02
   7.5898e-02
   6.8717e-02
   6.1964e-02
   5.5633e-02
   4.9717e-02
   4.4208e-02
   3.9097e-02
   3.4374e-02
   3.0028e-02
   4.9717e-02
   4.4208e-02
   3.9097e-02
   3.4374e-02
   3.0028e-02
   2.6048e-02
   2.2421e-02
   1.9136e-02
   1.6178e-02
   1.3533e-02
   1.1186e-02
   9.1214e-03
   7.3231e-03
   5.7744e-03
   4.4581e-03
   3.3566e-03
   2.4516e-03
   1.7248e-03
   1.1572e-03
   7.2971e-04
   4.2276e-04
   2.1665e-04
   9.1462e-05
   2.7114e-05
   3.3902e-06
   3.8982e-17