0.00000
   0.03173
   0.06347
   0.09520
   0.12693
   0.15867
   0.19040
   0.22213
   0.25387
   0.28560
   0.31733
   0.34907
   0.38080
   0.41253
   0.44427
   0.47600
   0.50773
   0.53947
   0.57120
   0.60293
   0.63467
   0.66640
   0.69813
   0.72986
   0.76160
   0.79333
   0.82506
   0.85680
   0.88853
   0.92026
   0.95200
   0.98373
   1.01546
   1.04720
   1.07893
   1.11066
   1.14240
   1.17413
   1.20586
   1.23760
   1.26933
   1.30106
   1.33280
   1.36453
   1.39626
   1.42800
   1.45973
   1.49146
   1.52320
   1.55493
   1.58666
   1.61840
   1.65013
   1.68186
   1.71360
   1.74533
   1.77706
   1.80880
   1.84053
   1.87226
   1.90400
   1.93573
   1.96746
   1.99920
   2.03093
   2.06266
   2.09440
   2.12613
   2.15786
   2.18959
   2.22133
   2.25306
   2.28479
   2.31653
   2.34826
   2.37999
   2.41173
   2.44346
   2.47519
   2.34826
   2.37999
   2.41173
   2.44346
   2.47519
   2.50693
   2.53866
   2.57039
   2.60213
   2.63386
   2.66559
   2.69733
   2.72906
   2.76079
   2.79253
   2.82426
   2.85599
   2.88773
   2.91946
   2.95119
   2.98293
   3.01466
   3.04639
   3.07813
   3.10986
   3.14159