0.000000000000000000e+00 1.743900758144027204e+05
1.000000000000000000e+00 1.743900758144027204e+05
2.000000000000000000e+00 1.785215352700656804e+05
3.000000000000000000e+00 1.763187142888712988e+05
4.000000000000000000e+00 1.792144029899756133e+05
5.000000000000000000e+00 1.764397436018938315e+05
6.000000000000000000e+00 1.762759142236999469e+05
7.000000000000000000e+00 1.741336325944461278e+05
8.000000000000000000e+00 1.735072198989409953e+05
9.000000000000000000e+00 1.748707583456952416e+05
1.000000000000000000e+01 1.743787327645248442e+05
1.100000000000000000e+01 1.743259270935187524e+05
1.200000000000000000e+01 1.723390617886838154e+05
1.300000000000000000e+01 1.745590459665345261e+05
1.400000000000000000e+01 1.718148386587747955e+05
1.500000000000000000e+01 1.723741951885966118e+05
1.600000000000000000e+01 1.724343452324759855e+05
1.700000000000000000e+01 1.709378405229802884e+05
1.800000000000000000e+01 1.698808980955487641e+05
1.900000000000000000e+01 1.702840982071879262e+05
2.000000000000000000e+01 1.693567959267359984e+05
2.100000000000000000e+01 1.682804735777638271e+05
2.200000000000000000e+01 1.677914290753435635e+05
2.300000000000000000e+01 1.664530532419597439e+05
2.400000000000000000e+01 1.658406574447254825e+05
2.500000000000000000e+01 1.644556912118867040e+05
2.600000000000000000e+01 1.635843965511156421e+05
2.700000000000000000e+01 1.623654037090395577e+05
2.800000000000000000e+01 1.632978507145123149e+05
2.900000000000000000e+01 1.609244691365800099e+05
3.000000000000000000e+01 1.597416193862617365e+05
3.100000000000000000e+01 1.591257959630854893e+05
3.200000000000000000e+01 1.585056059542509320e+05
3.300000000000000000e+01 1.572135992135681445e+05
3.400000000000000000e+01 1.555844449708800821e+05
3.500000000000000000e+01 1.550086823474026169e+05
3.600000000000000000e+01 1.533750926023835782e+05
3.700000000000000000e+01 1.529400444302147662e+05
3.800000000000000000e+01 1.513056793471427809e+05
3.900000000000000000e+01 1.494564614372131182e+05
4.000000000000000000e+01 1.476376751712821133e+05
4.100000000000000000e+01 1.472714269101359532e+05
4.200000000000000000e+01 1.466791538464236364e+05
4.300000000000000000e+01 1.448105431703302893e+05
4.400000000000000000e+01 1.437675390132750908e+05
4.500000000000000000e+01 1.423987887009931728e+05
4.600000000000000000e+01 1.406239372058912995e+05
4.700000000000000000e+01 1.397343914648593927e+05
4.800000000000000000e+01 1.388039334160880535e+05
4.900000000000000000e+01 1.376896088885584904e+05
5.000000000000000000e+01 1.360830153168317047e+05
5.100000000000000000e+01 1.349564262462865445e+05
5.200000000000000000e+01 1.328600947987457912e+05
5.300000000000000000e+01 1.322399611273758055e+05
5.400000000000000000e+01 1.309814118459341844e+05
5.500000000000000000e+01 1.289353517301352258e+05
5.600000000000000000e+01 1.278220557051392680e+05
5.700000000000000000e+01 1.265568918559746817e+05
5.800000000000000000e+01 1.254081199435375893e+05
5.900000000000000000e+01 1.245361751046236022e+05
6.000000000000000000e+01 1.221052501819145691e+05
6.100000000000000000e+01 1.213164815112164069e+05
6.200000000000000000e+01 1.191721634573959891e+05
6.300000000000000000e+01 1.191551074305680377e+05
6.400000000000000000e+01 1.168565473300058511e+05
6.500000000000000000e+01 1.158192149194172234e+05
6.600000000000000000e+01 1.134876579048295971e+05
6.700000000000000000e+01 1.125806951446085732e+05
6.800000000000000000e+01 1.112747690529388346e+05
6.900000000000000000e+01 1.097278227962214005e+05
7.000000000000000000e+01 1.086033247713113669e+05
7.100000000000000000e+01 1.073399355179680570e+05
7.200000000000000000e+01 1.053331388533927820e+05
7.300000000000000000e+01 1.037285700149566255e+05
7.400000000000000000e+01 1.028039324308801006e+05
7.500000000000000000e+01 1.014142842528152687e+05
7.600000000000000000e+01 9.995784316348150605e+04
7.700000000000000000e+01 9.906933890401168901e+04
7.800000000000000000e+01 9.670947120030781662e+04
7.900000000000000000e+01 9.523471409056527773e+04
8.000000000000000000e+01 9.461356817392002267e+04
8.100000000000000000e+01 9.300457495931872108e+04
8.200000000000000000e+01 9.181246839472840657e+04
8.300000000000000000e+01 8.992706414691617829e+04
8.400000000000000000e+01 8.914239389858306095e+04
8.500000000000000000e+01 8.740042634600639576e+04
8.600000000000000000e+01 8.628794441008703143e+04
8.700000000000000000e+01 8.446439138482122507e+04
8.800000000000000000e+01 8.344559472121050931e+04
8.900000000000000000e+01 8.157310605392449361e+04
9.000000000000000000e+01 8.105508632932082401e+04
9.100000000000000000e+01 7.915212345584014838e+04
9.200000000000000000e+01 7.852573910374798288e+04
9.300000000000000000e+01 7.701364597400900675e+04
9.400000000000000000e+01 7.508746960963103629e+04
9.500000000000000000e+01 7.384496758233194123e+04
9.600000000000000000e+01 7.240241316116422240e+04
9.700000000000000000e+01 7.167115668090555118e+04
9.800000000000000000e+01 7.061868528841088118e+04
9.900000000000000000e+01 6.953665337211389851e+04
1.000000000000000000e+02 6.821425398849466001e+04
1.010000000000000000e+02 6.628876656919908419e+04
1.020000000000000000e+02 6.554671895953010244e+04
1.030000000000000000e+02 6.457007634946562030e+04
1.040000000000000000e+02 6.291705671689956216e+04
1.050000000000000000e+02 6.197707824731039727e+04
1.060000000000000000e+02 6.098017997933649895e+04
1.070000000000000000e+02 5.952080431774557655e+04
1.080000000000000000e+02 5.866457057628255279e+04
1.090000000000000000e+02 5.754785940638989268e+04
1.100000000000000000e+02 5.598329981600037718e+04
1.110000000000000000e+02 5.506129910155817197e+04
1.120000000000000000e+02 5.382086976734187920e+04
1.130000000000000000e+02 5.315246117620476434e+04
1.140000000000000000e+02 5.168022146118688397e+04
1.150000000000000000e+02 5.067000403507072042e+04
1.160000000000000000e+02 4.982041355545832630e+04
1.170000000000000000e+02 4.823841874252044363e+04
1.180000000000000000e+02 4.754686657549825759e+04
1.190000000000000000e+02 4.634427072536609194e+04
1.200000000000000000e+02 4.563912388927546272e+04
1.210000000000000000e+02 4.481257345992849150e+04
1.220000000000000000e+02 4.382069581507563271e+04
1.230000000000000000e+02 4.252980331538323662e+04
1.240000000000000000e+02 4.167322974826030259e+04
1.250000000000000000e+02 4.086397968088208290e+04
1.260000000000000000e+02 3.974837009597709402e+04
1.270000000000000000e+02 3.930657175850048952e+04
1.280000000000000000e+02 3.798452615107291786e+04
1.290000000000000000e+02 3.700633781603535317e+04
1.300000000000000000e+02 3.642396463597973343e+04
1.310000000000000000e+02 3.535055446550548368e+04
1.320000000000000000e+02 3.474811813807510043e+04
1.330000000000000000e+02 3.418097053167543345e+04
1.340000000000000000e+02 3.334032250271061639e+04
1.350000000000000000e+02 3.247210610454538619e+04
1.360000000000000000e+02 3.181935701949655049e+04
1.370000000000000000e+02 3.108097151690699684e+04
1.380000000000000000e+02 3.076876417322901398e+04
1.390000000000000000e+02 2.963901431299288743e+04
1.400000000000000000e+02 2.941933775351093209e+04
1.410000000000000000e+02 2.827564038506316138e+04
1.420000000000000000e+02 2.779906740734256528e+04
1.430000000000000000e+02 2.707529092481807311e+04
1.440000000000000000e+02 2.630088214602801600e+04
1.450000000000000000e+02 2.575183507723139337e+04
1.460000000000000000e+02 2.575475168051409128e+04
1.470000000000000000e+02 2.460638309542454590e+04
1.480000000000000000e+02 2.441537807273932412e+04
1.490000000000000000e+02 2.392134444612130028e+04
1.500000000000000000e+02 2.302286267054596465e+04
1.510000000000000000e+02 2.253547644007005874e+04
1.520000000000000000e+02 2.210077021890047399e+04
1.530000000000000000e+02 2.163166137622477254e+04
1.540000000000000000e+02 2.097971473201135450e+04
1.550000000000000000e+02 2.084914609320149248e+04
1.560000000000000000e+02 2.030851136989483712e+04
1.570000000000000000e+02 1.972910076964188920e+04
1.580000000000000000e+02 1.923595198579419230e+04
1.590000000000000000e+02 1.908868961002959622e+04
1.600000000000000000e+02 1.866348706645439233e+04
1.610000000000000000e+02 1.822853804143035086e+04
1.620000000000000000e+02 1.799765754077616293e+04
1.630000000000000000e+02 1.759764073738140360e+04
1.640000000000000000e+02 1.814110709377922103e+04
1.650000000000000000e+02 1.724978005457685504e+04
1.660000000000000000e+02 1.732739486957644840e+04
1.670000000000000000e+02 1.683148446681753194e+04
1.680000000000000000e+02 1.625637547721675946e+04
1.690000000000000000e+02 1.663780973449018347e+04
1.700000000000000000e+02 1.683756626163424153e+04
1.710000000000000000e+02 1.614917468218611248e+04
1.720000000000000000e+02 1.580525689836360652e+04
1.730000000000000000e+02 1.561793116251900938e+04
1.740000000000000000e+02 1.563971235644293847e+04
1.750000000000000000e+02 1.516713886342585647e+04
1.760000000000000000e+02 1.593813721698731206e+04
1.770000000000000000e+02 1.446604453010717407e+04
1.780000000000000000e+02 1.516601535572051762e+04
1.790000000000000000e+02 1.455331271232013751e+04
