0.000000000000000000e+00 1.743900758144027204e+05
1.000000000000000000e+00 1.743900758144027204e+05
2.000000000000000000e+00 1.794614842807338282e+05
3.000000000000000000e+00 1.782679828693595482e+05
4.000000000000000000e+00 1.773153242583415704e+05
5.000000000000000000e+00 1.768883811144526117e+05
6.000000000000000000e+00 1.784136627199232171e+05
7.000000000000000000e+00 1.767614576628562936e+05
8.000000000000000000e+00 1.756451081266593828e+05
9.000000000000000000e+00 1.761007065109012765e+05
1.000000000000000000e+01 1.749658850209854136e+05
1.100000000000000000e+01 1.755698583241098095e+05
1.200000000000000000e+01 1.738960780569550989e+05
1.300000000000000000e+01 1.733681891621493269e+05
1.400000000000000000e+01 1.724139280332097260e+05
1.500000000000000000e+01 1.729542017066522385e+05
1.600000000000000000e+01 1.730364253777521371e+05
1.700000000000000000e+01 1.702694131087723072e+05
1.800000000000000000e+01 1.722445570739485556e+05
1.900000000000000000e+01 1.693674004475841066e+05
2.000000000000000000e+01 1.681517956252508739e+05
2.100000000000000000e+01 1.671781580313444138e+05
2.200000000000000000e+01 1.680501285423890513e+05
2.300000000000000000e+01 1.667138688979819708e+05
2.400000000000000000e+01 1.651485796135033888e+05
2.500000000000000000e+01 1.646252571081927454e+05
2.600000000000000000e+01 1.623584828780126409e+05
2.700000000000000000e+01 1.625278297518045583e+05
2.800000000000000000e+01 1.618056848793664249e+05
2.900000000000000000e+01 1.619256397546072840e+05
3.000000000000000000e+01 1.598893914671000966e+05
3.100000000000000000e+01 1.596674242451724131e+05
3.200000000000000000e+01 1.587550012598091853e+05
3.300000000000000000e+01 1.578441059729642875e+05
3.400000000000000000e+01 1.564107070589193609e+05
3.500000000000000000e+01 1.550190146523116855e+05
3.600000000000000000e+01 1.540341124125373026e+05
3.700000000000000000e+01 1.517523870564924146e+05
3.800000000000000000e+01 1.512912218557517044e+05
3.900000000000000000e+01 1.494989090468611976e+05
4.000000000000000000e+01 1.490835183028678584e+05
4.100000000000000000e+01 1.462950000698340882e+05
4.200000000000000000e+01 1.463668343402770697e+05
4.300000000000000000e+01 1.448468616621116525e+05
4.400000000000000000e+01 1.439572925331302395e+05
4.500000000000000000e+01 1.423118627129709930e+05
4.600000000000000000e+01 1.415558697734240850e+05
4.700000000000000000e+01 1.393044311444031773e+05
4.800000000000000000e+01 1.390656311300644011e+05
4.900000000000000000e+01 1.375278531875719491e+05
5.000000000000000000e+01 1.356851534464229771e+05
5.100000000000000000e+01 1.348938150920697371e+05
5.200000000000000000e+01 1.339680500506607641e+05
5.300000000000000000e+01 1.325434977542979759e+05
5.400000000000000000e+01 1.309629869422666088e+05
5.500000000000000000e+01 1.292787457441917068e+05
5.600000000000000000e+01 1.280187253158462263e+05
5.700000000000000000e+01 1.265972052835874347e+05
5.800000000000000000e+01 1.248193604398373864e+05
5.900000000000000000e+01 1.237748266845401668e+05
6.000000000000000000e+01 1.221098460040809150e+05
6.100000000000000000e+01 1.212800689294187323e+05
6.200000000000000000e+01 1.198001152018005232e+05
6.300000000000000000e+01 1.189115141466876958e+05
6.400000000000000000e+01 1.170493268966761971e+05
6.500000000000000000e+01 1.156071179805946740e+05
6.600000000000000000e+01 1.139510953740542318e+05
6.700000000000000000e+01 1.126791928348351794e+05
6.800000000000000000e+01 1.104375105715780956e+05
6.900000000000000000e+01 1.094299597837368929e+05
7.000000000000000000e+01 1.083741814522010245e+05
7.100000000000000000e+01 1.074390577949290455e+05
7.200000000000000000e+01 1.062338253718887136e+05
7.300000000000000000e+01 1.043084496104432765e+05
7.400000000000000000e+01 1.033829925862975651e+05
7.500000000000000000e+01 1.013729682403273619e+05
7.600000000000000000e+01 1.000586278524606896e+05
7.700000000000000000e+01 9.857256333956915478e+04
7.800000000000000000e+01 9.706358003985816322e+04
7.900000000000000000e+01 9.646328665166527207e+04
8.000000000000000000e+01 9.405896208502707304e+04
8.100000000000000000e+01 9.282459806855891657e+04
8.200000000000000000e+01 9.175901105981766887e+04
8.300000000000000000e+01 9.062454767167652608e+04
8.400000000000000000e+01 8.846025345931494667e+04
8.500000000000000000e+01 8.735629028927315085e+04
8.600000000000000000e+01 8.631098738988931291e+04
8.700000000000000000e+01 8.454646950500461389e+04
8.800000000000000000e+01 8.340958238068083301e+04
8.900000000000000000e+01 8.180011469771804695e+04
9.000000000000000000e+01 8.062807006985011685e+04
9.100000000000000000e+01 7.999041071594749519e+04
9.200000000000000000e+01 7.799723608598174178e+04
9.300000000000000000e+01 7.679123112548253266e+04
9.400000000000000000e+01 7.546864464505450451e+04
9.500000000000000000e+01 7.356266793073496956e+04
9.600000000000000000e+01 7.244669782940296864e+04
9.700000000000000000e+01 7.162879426456117653e+04
9.800000000000000000e+01 7.053678569205389067e+04
9.900000000000000000e+01 6.948190249679356930e+04
1.000000000000000000e+02 6.794168987725723127e+04
1.010000000000000000e+02 6.630815581401596137e+04
1.020000000000000000e+02 6.533059598200972687e+04
1.030000000000000000e+02 6.460401405085657461e+04
1.040000000000000000e+02 6.298316233688021748e+04
1.050000000000000000e+02 6.163877428554318612e+04
1.060000000000000000e+02 6.116895373254350125e+04
1.070000000000000000e+02 5.952604696337128553e+04
1.080000000000000000e+02 5.823855568381193007e+04
1.090000000000000000e+02 5.713731095965048007e+04
1.100000000000000000e+02 5.562885350723741431e+04
1.110000000000000000e+02 5.470876921466940985e+04
1.120000000000000000e+02 5.340739594683016185e+04
1.130000000000000000e+02 5.260942150638386374e+04
1.140000000000000000e+02 5.167362777396960155e+04
1.150000000000000000e+02 5.059355696552902373e+04
1.160000000000000000e+02 4.961034228312113555e+04
1.170000000000000000e+02 4.828013187455449952e+04
1.180000000000000000e+02 4.753434975050530920e+04
1.190000000000000000e+02 4.670619172096531838e+04
1.200000000000000000e+02 4.499035290325916139e+04
1.210000000000000000e+02 4.445837949555103114e+04
1.220000000000000000e+02 4.378393945460516989e+04
1.230000000000000000e+02 4.230435278603621555e+04
1.240000000000000000e+02 4.190377696617812035e+04
1.250000000000000000e+02 4.091802606497366651e+04
1.260000000000000000e+02 3.998970659443164186e+04
1.270000000000000000e+02 3.884649932738669304e+04
1.280000000000000000e+02 3.790274831699384231e+04
1.290000000000000000e+02 3.698430637695734185e+04
1.300000000000000000e+02 3.598867083901582373e+04
1.310000000000000000e+02 3.522371118577203015e+04
1.320000000000000000e+02 3.475489984659964830e+04
1.330000000000000000e+02 3.437811011326895095e+04
1.340000000000000000e+02 3.332069405380237731e+04
1.350000000000000000e+02 3.258909699648619426e+04
1.360000000000000000e+02 3.195736728826576655e+04
1.370000000000000000e+02 3.121418836787002147e+04
1.380000000000000000e+02 3.049409696312857704e+04
1.390000000000000000e+02 2.982070706009316200e+04
1.400000000000000000e+02 2.898700098857663761e+04
1.410000000000000000e+02 2.843788556622958640e+04
1.420000000000000000e+02 2.750174239400397346e+04
1.430000000000000000e+02 2.732242335362578888e+04
1.440000000000000000e+02 2.642831390657316661e+04
1.450000000000000000e+02 2.606256611888727639e+04
1.460000000000000000e+02 2.569677404746615503e+04
1.470000000000000000e+02 2.441468371876402671e+04
1.480000000000000000e+02 2.464504377539110283e+04
1.490000000000000000e+02 2.360018645709916018e+04
1.500000000000000000e+02 2.318938597820978976e+04
1.510000000000000000e+02 2.250823183914744004e+04
1.520000000000000000e+02 2.191668737043339570e+04
1.530000000000000000e+02 2.151736229518587061e+04
1.540000000000000000e+02 2.077995216923976841e+04
1.550000000000000000e+02 2.090702019755458241e+04
1.560000000000000000e+02 2.044644272644512239e+04
1.570000000000000000e+02 1.952789007305083942e+04
1.580000000000000000e+02 1.909679829057780807e+04
1.590000000000000000e+02 1.928571572567537805e+04
1.600000000000000000e+02 1.857361473708141784e+04
1.610000000000000000e+02 1.793859587341313090e+04
1.620000000000000000e+02 1.783803308365176053e+04
1.630000000000000000e+02 1.777720850000774590e+04
1.640000000000000000e+02 1.785297482351911094e+04
1.650000000000000000e+02 1.685038713828658365e+04
1.660000000000000000e+02 1.722030343033308600e+04
1.670000000000000000e+02 1.653116975631982859e+04
1.680000000000000000e+02 1.610589992512897697e+04
1.690000000000000000e+02 1.633600249986058043e+04
1.700000000000000000e+02 1.646191706831962438e+04
1.710000000000000000e+02 1.621006390386171915e+04
1.720000000000000000e+02 1.577461170806139853e+04
1.730000000000000000e+02 1.630695753733602578e+04
1.740000000000000000e+02 1.623441789634770612e+04
1.750000000000000000e+02 1.566421316231124183e+04
1.760000000000000000e+02 1.539758374508537781e+04
1.770000000000000000e+02 1.513088651326582294e+04
1.780000000000000000e+02 1.550982930585020222e+04
1.790000000000000000e+02 1.569924284714849637e+04
