0.000000000000000000e+00 9.992584203004072352e-01
1.000000000000000000e+00 9.933662325054607445e-01
2.000000000000000000e+00 9.943100612140334249e-01
3.000000000000000000e+00 9.934471321090526663e-01
4.000000000000000000e+00 9.940403958687269448e-01
5.000000000000000000e+00 9.924493703314186677e-01
6.000000000000000000e+00 9.964539007092199085e-01
7.000000000000000000e+00 9.928403850821131416e-01
8.000000000000000000e+00 9.922606045897042204e-01
9.000000000000000000e+00 9.851549227408785692e-01
1.000000000000000000e+01 9.776447428740931977e-01
1.100000000000000000e+01 9.735727961599655034e-01
1.200000000000000000e+01 9.748132567483752675e-01
1.300000000000000000e+01 9.712267076557991041e-01
1.400000000000000000e+01 9.660895828277108466e-01
1.500000000000000000e+01 9.629075317530944034e-01
1.600000000000000000e+01 9.552085861445945847e-01
1.700000000000000000e+01 9.563546638621470697e-01
1.800000000000000000e+01 9.494107812205053731e-01
1.900000000000000000e+01 9.432219615457217987e-01
2.000000000000000000e+01 9.289701480462745353e-01
2.100000000000000000e+01 9.308443221961545389e-01
2.200000000000000000e+01 9.251004503411266455e-01
2.300000000000000000e+01 9.196666936332011932e-01
2.400000000000000000e+01 9.162149772132782699e-01
2.500000000000000000e+01 9.058463446862443647e-01
2.600000000000000000e+01 8.964619906695791007e-01
2.700000000000000000e+01 8.969473882911307427e-01
2.800000000000000000e+01 8.831674891459698751e-01
2.900000000000000000e+01 8.796483563897203872e-01
3.000000000000000000e+01 8.665830704096216808e-01
3.100000000000000000e+01 8.681471294123992433e-01
3.200000000000000000e+01 8.573470323328749032e-01
3.300000000000000000e+01 8.473019982202086853e-01
3.400000000000000000e+01 8.419761076504058694e-01
3.500000000000000000e+01 8.285198069196128001e-01
3.600000000000000000e+01 8.190275867648248997e-01
3.700000000000000000e+01 8.141601272820430113e-01
3.800000000000000000e+01 8.037645282204783914e-01
3.900000000000000000e+01 7.917913868888709628e-01
4.000000000000000000e+01 7.859261656284550757e-01
4.100000000000000000e+01 7.796699296173448257e-01
4.200000000000000000e+01 7.734136936062346868e-01
4.300000000000000000e+01 7.650136180999379532e-01
4.400000000000000000e+01 7.573146724914381345e-01
4.500000000000000000e+01 7.523932799395949278e-01
4.600000000000000000e+01 7.345009842785104048e-01
4.700000000000000000e+01 7.305369037025052359e-01
4.800000000000000000e+01 7.182401639565298979e-01
4.900000000000000000e+01 7.101906533991316772e-01
5.000000000000000000e+01 7.028287894722649032e-01
5.100000000000000000e+01 6.981096459294016121e-01
5.200000000000000000e+01 6.852735754928134249e-01
5.300000000000000000e+01 6.755251732599844017e-01
5.400000000000000000e+01 6.622711215381711369e-01
5.500000000000000000e+01 6.671385810209530254e-01
5.600000000000000000e+01 6.483294231858264256e-01
5.700000000000000000e+01 6.436776959792896990e-01
5.800000000000000000e+01 6.329315319688266772e-01
5.900000000000000000e+01 6.260955154653075061e-01
6.000000000000000000e+01 6.211201898444030922e-01
6.100000000000000000e+01 6.128414637434943524e-01
6.200000000000000000e+01 6.078122050535286203e-01
6.300000000000000000e+01 5.951918668931855949e-01
6.400000000000000000e+01 5.927648787854272738e-01
6.500000000000000000e+01 5.881805679152172228e-01
6.600000000000000000e+01 5.827737777418223741e-01
6.700000000000000000e+01 5.752905644095677173e-01
6.800000000000000000e+01 5.706658037375617054e-01
6.900000000000000000e+01 5.574117520157484407e-01
7.000000000000000000e+01 5.563061240999919166e-01
7.100000000000000000e+01 5.463554728581829778e-01
7.200000000000000000e+01 5.508723673920664643e-01
7.300000000000000000e+01 5.364992044872313182e-01
7.400000000000000000e+01 5.363913383491087927e-01
7.500000000000000000e+01 5.302834182779171401e-01
7.600000000000000000e+01 5.292317234312218233e-01
7.700000000000000000e+01 5.250249440444408888e-01
7.800000000000000000e+01 5.229080710837850088e-01
7.900000000000000000e+01 5.149529433972440673e-01
8.000000000000000000e+01 5.146158617156109116e-01
8.100000000000000000e+01 5.103955990615646199e-01
8.200000000000000000e+01 5.033168837472696833e-01
8.300000000000000000e+01 5.018067578135533280e-01
8.400000000000000000e+01 5.041123965159237663e-01
8.500000000000000000e+01 4.987056063425289176e-01
8.600000000000000000e+01 5.033843000835962478e-01
8.700000000000000000e+01 5.018067578135533280e-01
8.800000000000000000e+01 4.982336919882425774e-01
8.900000000000000000e+01 4.954426556643205526e-01
9.000000000000000000e+01 5.001617992071838437e-01
9.100000000000000000e+01 5.042067793867810455e-01
9.200000000000000000e+01 4.990696545586926769e-01
9.300000000000000000e+01 5.029798020656365276e-01
9.400000000000000000e+01 5.003370816816330446e-01
9.500000000000000000e+01 5.067416336326618920e-01
9.600000000000000000e+01 5.058921877949464907e-01
9.700000000000000000e+01 5.081034436264595389e-01
9.800000000000000000e+01 5.028854191947792485e-01
9.900000000000000000e+01 5.128225871693228299e-01
1.000000000000000000e+02 5.100585173799314642e-01
1.010000000000000000e+02 5.204945662432920450e-01
1.020000000000000000e+02 5.251058436480328107e-01
1.030000000000000000e+02 5.246878623628077332e-01
1.040000000000000000e+02 5.295013887765283034e-01
1.050000000000000000e+02 5.364857212199660719e-01
1.060000000000000000e+02 5.399913707089502024e-01
1.070000000000000000e+02 5.416093627807890831e-01
1.080000000000000000e+02 5.541083515357441147e-01
1.090000000000000000e+02 5.537038535177843945e-01
1.100000000000000000e+02 5.630207911981230939e-01
1.110000000000000000e+02 5.613623493244883633e-01
1.120000000000000000e+02 5.749534827279346727e-01
1.130000000000000000e+02 5.759377612383033140e-01
1.140000000000000000e+02 5.819108486368417266e-01
1.150000000000000000e+02 5.907828384974247449e-01
1.160000000000000000e+02 6.016368686460102921e-01
1.170000000000000000e+02 6.076773723808753802e-01
1.180000000000000000e+02 6.156729498692122826e-01
1.190000000000000000e+02 6.191785993581965242e-01
1.200000000000000000e+02 6.306663430682523108e-01
1.210000000000000000e+02 6.362618989833616068e-01
1.220000000000000000e+02 6.454574872583124234e-01
1.230000000000000000e+02 6.562575843378367635e-01
1.240000000000000000e+02 6.591295202653506546e-01
1.250000000000000000e+02 6.691071380416903081e-01
1.260000000000000000e+02 6.781544103767225273e-01
1.270000000000000000e+02 6.879028126095515505e-01
1.280000000000000000e+02 6.968826686082572053e-01
1.290000000000000000e+02 7.040018337243481028e-01
1.300000000000000000e+02 7.038670010516948627e-01
1.310000000000000000e+02 7.183345468273871770e-01
1.320000000000000000e+02 7.261278753067442748e-01
1.330000000000000000e+02 7.359302106086347273e-01
1.340000000000000000e+02 7.439123048297063834e-01
1.350000000000000000e+02 7.535393576571475238e-01
1.360000000000000000e+02 7.593910956502979426e-01
1.370000000000000000e+02 7.746676374619098082e-01
1.380000000000000000e+02 7.783081196235471788e-01
1.390000000000000000e+02 7.899576625407869201e-01
1.400000000000000000e+02 7.995172990319013850e-01
1.410000000000000000e+02 8.068926462260335164e-01
1.420000000000000000e+02 8.119353881832646058e-01
1.430000000000000000e+02 8.203489469568265857e-01
1.440000000000000000e+02 8.283714909796942027e-01
1.450000000000000000e+02 8.397783350861580676e-01
1.460000000000000000e+02 8.452525415958794808e-01
1.470000000000000000e+02 8.510638297872340496e-01
1.480000000000000000e+02 8.586818757921419465e-01
1.490000000000000000e+02 8.679853302052152886e-01
1.500000000000000000e+02 8.778550818434323055e-01
1.510000000000000000e+02 8.792438583717606670e-01
1.520000000000000000e+02 8.909608176253269729e-01
1.530000000000000000e+02 8.965294070059056653e-01
1.540000000000000000e+02 9.068845562656743242e-01
1.550000000000000000e+02 9.094868268478817352e-01
1.560000000000000000e+02 9.174149879998921842e-01
1.570000000000000000e+02 9.310330879378690971e-01
1.580000000000000000e+02 9.284712671574576470e-01
1.590000000000000000e+02 9.388938327535528705e-01
1.600000000000000000e+02 9.479141385540543752e-01
1.610000000000000000e+02 9.466197448965832928e-01
1.620000000000000000e+02 9.640131596688509275e-01
1.630000000000000000e+02 9.557074670334115840e-01
1.640000000000000000e+02 9.582153547447617159e-01
1.650000000000000000e+02 9.694334331095111335e-01
1.660000000000000000e+02 9.730604320038831467e-01
1.670000000000000000e+02 9.749885392228244685e-01
1.680000000000000000e+02 9.745031416012728265e-01
1.690000000000000000e+02 9.880133754011272140e-01
1.700000000000000000e+02 9.898605830164765029e-01
1.710000000000000000e+02 9.855054876897769711e-01
1.720000000000000000e+02 9.935010651781139845e-01
1.730000000000000000e+02 9.946471428956664695e-01
1.740000000000000000e+02 9.968179489253835568e-01
1.750000000000000000e+02 9.882965240136990515e-01
1.760000000000000000e+02 9.959415365531375519e-01
1.770000000000000000e+02 9.961707520966480711e-01
1.780000000000000000e+02 9.943235444812986712e-01
1.790000000000000000e+02 1.000000000000000000e+00
