-0.256947 -0.504616 0.411065
0.068148 -0.635755 0.113077
0.300708 0.000768 0.524427
-0.498238 0.105844 0.452159
0.235358 -0.330402 0.561448
0.060670 -0.325774 -0.538176
0.278441 -0.236049 -0.529123
0.529325 0.370374 0.147732
-0.442936 -0.426560 -0.218512
0.040019 0.601109 -0.037313
0.307995 0.470565 -0.286919
0.072199 -0.547344 -0.258464
0.363810 0.552677 -0.045040
0.427687 -0.174394 0.401005
-0.571206 -0.256510 -0.079283
0.123719 -0.648728 -0.106363
0.472927 0.477235 0.190421
-0.307123 0.184859 0.560382
-0.303771 0.528284 0.159805
-0.378061 -0.071712 -0.461153
-0.307714 0.254699 -0.540183
0.597723 -0.074320 0.268913
0.054620 -0.002801 0.602170
0.000341 -0.276020 0.571935
0.425765 -0.174407 -0.467778
0.869635 -0.036841 -0.488374
-0.507663 -0.284233 0.302751
-0.403375 0.479373 -0.120453
-0.363702 -0.741546 -0.278106
-0.155663 0.175793 -0.534975
-0.146169 -0.665982 -0.060948
0.565707 -0.156429 0.324216
-0.453238 0.437012 0.088287
0.013906 -0.276509 -0.628155
-0.120476 -0.302313 0.529402
0.502062 0.148444 0.342783
-0.070328 -0.010312 -0.672792
-0.640205 0.079662 0.118665
-0.165328 -0.665149 -0.135199
0.437293 -0.420724 0.242054
-0.412573 -0.438399 -0.122850
0.119321 -0.567690 -0.008568
-0.212032 0.386203 0.461024
0.533376 0.446294 0.026651
-0.066020 0.399163 -0.536903
-0.404343 0.200447 0.448518
0.245883 -0.588553 -0.244718
-0.301987 0.499726 0.234192
-0.496552 0.455693 -0.166790
-0.178414 -0.603391 -0.191264
-0.295205 0.486035 -0.247300
0.397420 -0.555314 -0.079550
0.277964 -0.251268 0.588082
0.100641 -0.520332 -0.345253
0.372475 0.191642 0.527757
0.431874 0.498057 -0.081818
-0.462442 0.369330 0.237899
0.024178 0.367640 0.525396
0.235535 0.630266 0.156827
-0.593320 0.068353 -0.211072
-0.511238 -0.368725 -0.085546
0.556219 0.376085 0.056412
0.009891 0.230197 0.562550
-0.050464 -0.151205 -0.626900
0.393781 0.284569 -0.453748
-0.341359 -0.291910 0.414604
0.460528 0.090840 -0.431527
0.264675 0.397865 0.438514
0.638782 0.004096 -0.015895
0.447607 -0.334795 -0.250370
0.193591 -0.317908 0.545226
0.546449 0.175806 -0.387769
-0.304651 -0.264727 -0.552370
0.332744 0.426298 -0.291909
0.470394 -0.087648 0.372731
-0.129556 0.554346 0.251919
0.174063 -0.526752 0.237478
-0.610008 0.241561 0.256960
-0.534787 0.261804 -0.230581
-0.277018 0.160571 -0.591543
-0.148055 -0.357189 -0.564941
0.042362 -0.026243 0.668750
-0.248196 0.564336 -0.307114
0.590122 0.173553 0.322317
0.433072 0.645025 0.318995
0.246399 0.335879 -0.514776
-0.244978 0.275481 0.549607
0.403500 -0.368602 0.395715
-0.412210 -0.021256 -0.443385
-0.160168 0.056923 -0.600482
-0.944381 -0.206168 -0.099307
-0.435103 -0.783789 -0.273958
0.519195 0.102154 0.376112
0.422411 -0.535081 0.147860
-0.839864 0.404177 0.341462
0.376013 -0.350523 -0.418993
-0.596893 0.016590 -0.071276
-0.654617 0.121994 0.059670
0.535247 -0.105022 0.311076
-0.555492 -0.158810 0.203585
0.538831 0.124994 -0.351632
-0.304980 0.200793 -0.531653
0.416476 -0.287573 -0.458242
-0.167314 -0.049686 0.636932
0.049243 -0.514069 -0.345695
-0.135390 0.502336 -0.426777
-0.387154 -0.049124 -0.567387
0.070001 0.509000 -0.388630
0.042244 -0.001149 -0.687354
0.488837 -0.117516 0.417450
0.009968 -0.542947 -0.281741
0.149310 -0.545440 -0.239761
0.062712 -0.006847 0.610688
-0.471086 0.449743 -0.134200
-0.044018 0.189976 0.628557
0.455739 -0.399783 -0.001110
-0.418545 -0.485345 -0.263864
-0.044741 -0.454484 0.437324
-0.601046 0.226977 -0.249677
0.114566 -0.494501 0.440249
0.195625 -0.122873 0.360157
-0.394210 0.520071 -0.151130
0.563079 -0.328738 0.211503
-0.218562 0.623362 -0.048155
-0.301270 0.558987 0.199421
0.036567 0.584453 0.293707
0.196139 0.503884 -0.347855
0.150304 0.163201 0.600917
0.429431 -0.545318 -0.076828
0.045315 -0.348097 -0.565232
0.237294 0.203768 -0.518959
-0.163043 -0.262705 -0.577567
-0.466378 -0.419058 0.187677
-0.639374 0.049433 -0.129768
0.593795 -0.079915 0.103706
0.203997 0.584806 -0.045857
-0.657457 0.121431 0.143704
-0.357583 0.101799 0.562446
0.259686 0.548273 -0.093161
-0.531894 0.453910 0.024747
0.138968 -0.365031 0.528111
-0.295390 -0.612549 0.125807
0.493739 0.267324 0.368023
0.041072 0.295293 0.933078
0.492079 0.368227 -0.316715
-0.073433 -0.186415 0.628186
-0.654491 -0.031484 -0.074278
-0.287736 -0.329891 -0.445295
0.568214 -0.021604 0.284694
-0.038883 0.485089 0.310021
0.466738 0.465336 0.218840
-0.498863 -0.388237 0.252875
-0.211661 0.610749 0.056562
0.519064 -0.086459 0.292108
-0.319960 0.437967 0.419904
0.442104 0.443202 0.206746
0.611060 0.084181 -0.118738
-0.269153 0.353598 0.522735
-0.412546 0.336699 0.292070
0.210721 -0.410013 0.425177
-0.521423 0.446055 -0.093351
0.227618 -0.430846 -0.369158
-0.466457 0.251132 -0.354201
-0.665805 -0.184990 0.032189
0.027752 0.429389 -0.504005
-0.076778 -0.414307 -0.478985
0.577979 0.091677 -0.153179
0.007258 -0.012691 -0.624473
-0.165029 0.360381 0.569037
0.063286 -0.347182 0.490296
0.349250 -0.148228 -0.466429
0.630201 -0.209624 -0.008841
-0.342459 0.285054 0.402842
0.720784 0.221274 0.423326
0.295700 0.180645 0.551785
0.675079 0.049435 -0.008740
-0.126605 0.147481 -0.596054
0.504812 0.382392 0.045923
0.330838 0.399887 0.332824
-0.538699 0.083106 -0.389829
-0.512501 0.403813 0.203026
-0.147771 0.417381 0.539003
-0.120166 0.377386 -0.515648
-0.067968 -0.333734 0.564238
-0.293773 0.557318 -0.075142
0.213566 -0.601243 0.268938
0.068308 0.054795 0.659847
-0.453473 0.475210 0.028834
0.341212 0.442806 0.290442
-0.420781 -0.063501 -0.459159
0.136591 -0.307924 -0.558955
-0.156632 -0.522354 -0.274431
-0.535866 -0.295299 0.297500
0.731613 0.225917 0.612208
0.248852 0.458902 -0.414294
-0.383903 -0.262107 -0.388814
0.159425 -0.547934 0.196218
0.244685 0.417014 -0.477399
-0.095757 0.612293 -0.183240
-0.532270 0.132849 -0.253244
-0.001824 -0.648367 0.204389
0.448164 0.293020 -0.308512
-0.586898 0.004926 -0.268310
-0.147879 0.604920 0.177543
0.493860 0.310632 -0.264179
0.463743 0.127381 0.305005
0.632958 0.122858 0.113195
-0.378022 0.583856 0.061140
-0.459831 -0.384909 -0.021439
-0.176453 0.244504 -0.575071
0.118128 -0.616359 0.040815
-0.190485 0.520432 0.362256
0.126983 -0.032250 0.735738
-0.058153 0.626219 0.095360
0.286814 0.485201 -0.371813
-0.132470 -0.417282 -0.442477
-0.052157 -0.600057 -0.024787
0.030375 0.509128 0.453155
-0.359968 0.018250 -0.521410
0.212513 -0.287445 0.498480
0.490534 0.406188 -0.283307
-0.366766 -0.234501 -0.449170
0.435385 -0.487722 -0.022886
-0.359831 0.326575 -0.474873
0.317699 -0.430607 -0.309170
-0.587271 -0.259722 -0.029518
-0.241707 -0.365864 0.524591
0.257295 0.355015 -0.525572
-0.146119 0.173068 -0.356634
-0.557639 -0.233066 0.073308
-0.427179 0.404878 -0.329497
0.395458 0.459858 -0.042165
0.473487 -0.098000 0.397155
0.421131 -0.046593 0.452314
0.556772 -0.340401 0.177940
-0.485874 -0.089433 0.397243
-0.016314 -0.185225 0.605644
-0.564515 0.199964 -0.307464
-0.311875 0.312425 0.524460
-0.381050 -0.305889 0.491595
0.585342 -0.157381 0.278215
-0.098771 -0.046010 -0.610982
0.127940 0.288388 0.603690
-0.414957 -0.188915 0.444695
-0.189717 -0.572570 -0.150194
0.300896 0.323482 -0.480482
-0.479726 0.327258 -0.178296
0.474441 -0.067655 0.459582
-0.366135 0.370605 -0.400483
0.528610 0.346457 0.285083
-0.302401 -0.452266 -0.414492
-0.250813 -0.479531 -0.175588
-0.248930 0.228162 -0.556625
0.461967 0.275527 -0.345802
-0.165254 0.571120 -0.212616
-0.067844 -0.252828 -0.546218
0.189433 -0.540021 -0.093265
0.388204 0.537328 0.116669
0.144618 0.591587 -0.232181
0.304760 0.102155 0.567945
0.271881 -0.495222 -0.246623
-0.350245 -0.575424 -0.084737
0.629013 -0.179873 0.130752
-0.493103 0.414042 -0.228813
0.573351 0.315755 0.221307
0.331436 0.443075 -0.417437
0.343095 0.400006 0.352121
0.538687 -0.293636 0.088977
-0.301692 -0.542817 0.105757
-0.057727 -0.210571 0.636832
-0.545975 -0.196650 0.281300
0.436220 -0.445478 -0.033921
-0.524531 0.214964 0.292224
-0.304621 0.226628 0.581629
0.399499 0.371565 0.320903
0.565605 0.120956 0.365334
0.080809 0.152597 -0.614686
-0.321282 0.206743 -0.540950
-0.289305 -0.356355 -0.482190
0.332382 0.339198 0.384692
0.274774 0.119053 0.554048
0.413460 -0.259717 -0.434255
-0.387930 0.065265 0.496827
0.245477 -0.266857 0.561998
-0.615934 -0.001614 0.144423
-0.391960 -0.344562 0.322329
0.561019 0.357156 0.057959
0.152237 0.653231 -0.040568
0.571774 -0.189872 -0.164442
-0.532645 -0.170352 0.262077
0.344415 -0.016339 0.452847
-0.402453 -0.237040 -0.458945
0.007750 0.262207 0.551143
0.017287 0.535418 -0.367130
0.466209 -0.423823 -0.263044
0.235239 -0.330760 0.528420
0.425883 -0.192723 0.390171
0.581477 -0.071359 -0.255883
0.304867 -0.097060 -0.570275
-0.652120 -0.174400 0.023634
-0.586327 -0.405737 -0.430981
-0.069145 -0.643876 0.209634
-0.529320 -0.287211 -0.035818
-0.493154 -0.440957 -0.118927
-0.423153 0.064185 -0.425576
0.068622 -0.671813 -0.137499
-0.596651 0.089777 0.207067
0.443284 0.280168 -0.338364
0.045612 0.600515 0.078206
0.034779 0.163873 -0.564304
-0.662580 0.021946 -0.071738
-0.506561 0.237574 0.391873
-0.070538 0.464019 -0.393473
-0.173453 0.774850 0.118312
-0.036934 -0.747969 0.061919
-0.388138 0.558269 -0.131115
-0.504802 -0.210572 0.434278
-0.452165 0.467715 0.165922
-0.344824 0.535660 -0.049540
-0.235585 0.527804 -0.214471
-0.625549 0.401909 0.030566
-0.044953 0.482829 0.381544
0.164493 0.633596 -0.008884
0.479668 -0.224377 0.302404
0.084210 -0.679547 -0.075097
-0.137004 -0.619931 -0.182411
0.023004 0.633716 0.048821
-0.622491 -0.210934 -0.082708
0.307763 0.566005 -0.016052
0.416138 0.024926 0.534725
0.109795 -0.671334 0.150403
-0.609153 -0.037312 0.281594
-0.679936 0.323365 -0.434102
0.188390 0.272786 -0.567291
-0.637702 0.142609 -0.175279
-0.571657 0.162837 -0.207139
0.572993 0.301472 -0.066075
-0.678651 -0.087533 -0.137484
0.240590 -0.410488 0.494135
0.002339 -0.681925 0.125341
-0.003489 -0.637780 -0.139587
-0.553359 -0.303630 0.242180
-0.050688 0.082402 0.641974
0.584161 -0.006853 -0.160240
0.520987 0.289195 -0.207784
-0.552015 0.275649 -0.074721
0.660797 0.009211 -0.205550
0.368915 0.355026 0.474665
0.064137 -0.045416 -0.632671
-0.287729 0.131428 0.525219
-0.281868 -0.514365 -0.351434
0.389618 0.308250 -0.411038
-0.021026 0.608130 -0.009212
0.446496 0.253393 -0.362672
0.684602 0.105840 -0.061056
-0.409467 0.088221 -0.550422
0.221082 -0.277210 0.562940
-0.089856 -0.208324 -0.649208
0.486023 0.327194 -0.354456
-0.509063 0.176647 0.351871
0.443836 -0.447980 -0.255140
-0.130866 0.528516 -0.345699
0.232013 -0.560314 -0.235047
-0.294314 -0.541870 -0.294167
0.031381 -0.581140 -0.348352
0.163659 0.621813 -0.262841
-0.403742 0.315153 -0.350866
0.414347 -0.065038 0.436038
-0.043932 -0.369314 0.587370
0.219561 0.161179 0.634630
-0.162708 -0.631711 -0.077530
-0.207495 0.623242 -0.174513
0.456613 0.293740 0.267691
0.412235 0.441767 -0.376042
0.498935 -0.403231 0.274630
-0.404109 0.145579 -0.463779
-0.195358 0.611107 0.166759
0.089369 0.032899 0.619245
0.583547 -0.328739 0.163658
0.461500 0.436416 -0.038841
-0.123627 0.194498 0.615613
0.299769 0.215905 -0.586337
0.090714 0.623839 0.030305
-0.175299 -0.253292 0.568809
0.091726 -0.359568 -0.500669
0.295737 0.459379 -0.270812
0.614755 0.184261 0.101664
0.246111 0.394771 0.424846
0.572145 0.041577 -0.335950
-0.261906 0.138212 0.597419
0.251180 -0.409894 0.450789
-0.331559 -0.512477 -0.248375
-0.215036 -0.104319 -0.597807
-0.070097 0.704623 0.318330
0.109327 -0.544489 -0.413971
-0.184362 -0.571139 0.106521
-0.058229 0.202428 -0.598866
0.582949 -0.368249 -0.089831
0.541080 -0.067538 0.287140
0.593211 0.091558 -0.158798
-0.547610 0.311114 0.264428
0.344592 -0.450598 -0.235698
0.394328 -0.535914 0.217151
-0.507509 0.294932 0.377685
-0.519645 0.322296 -0.112486
0.622364 0.066211 -0.228876
-0.564514 0.208416 0.024429
-0.168716 0.397498 -0.465788
0.847860 -0.009231 -0.267170
-0.617954 0.040866 -0.114564
-0.413847 0.467475 0.005520
-0.552485 0.380251 0.141295
-0.358211 -0.452733 0.348690
-0.261405 0.572909 0.195541
0.838086 -0.287211 -0.345101
-0.421952 0.248156 -0.403327
-0.192513 0.516130 0.345590
0.477673 0.255424 0.405324
0.519912 0.152728 0.336094
-0.322872 -0.517945 0.307269
0.367370 0.382625 -0.330155
-0.560121 0.050508 0.211093
0.574053 0.102392 0.348886
0.194835 0.595043 0.214492
-0.111538 -0.617194 -0.125464
-0.157740 0.082846 0.570615
-0.407227 -0.267225 -0.438052
-0.325597 -0.302925 -0.478434
-0.404013 -0.242831 -0.494883
-0.116509 0.316146 -0.587041
0.586207 0.200110 0.347653
0.552288 0.300523 0.202898
0.659365 -0.044571 0.219167
-0.242311 -0.516524 -0.327156
0.188496 0.044442 0.617903
0.492176 0.006709 -0.449015
-0.017379 0.638214 0.161668
-0.097721 -0.396577 -0.558422
0.040206 -0.264477 0.631185
0.121225 -0.575182 0.336696
-0.503267 -0.411681 0.114844
-0.320665 0.584211 -0.109587
0.581437 0.209246 -0.240323
0.323892 -0.352418 0.385433
0.636395 -0.113356 -0.133928
0.669952 -0.121802 0.097267
-0.410920 -0.326842 -0.426889
0.494788 -0.090036 -0.423479
-0.230891 -0.578277 0.256499
-0.067378 -0.422984 0.445203
0.241132 -0.569092 0.280764
-0.329642 -0.291252 0.533758
0.250525 -0.331629 0.539977
0.088204 0.441289 -0.449285
0.080230 0.426424 0.426669
0.195785 0.556125 -0.289583
-0.590473 -0.075872 -0.162427
0.026007 -0.896596 -0.010068
0.564426 0.313136 0.100251
-0.622822 0.234003 0.212325
0.446734 0.250179 -0.471342
-0.082665 0.646329 0.017669
0.434119 0.243634 -0.437294
-0.527689 0.090194 -0.455680
-0.237398 0.043595 -0.649313
-0.093277 0.285769 0.524448
0.445172 -0.000669 -0.424892
0.059949 -0.441666 0.467549
-0.530001 0.270292 -0.216499
0.207892 0.041569 -0.927559
0.170164 -0.045640 0.602163
0.319286 0.235789 0.460976
-0.394482 -0.064930 -0.542664
0.045947 0.233279 -0.584849
0.105688 0.297193 0.574059
0.039171 0.354550 0.530574
-0.608213 -0.236514 0.289996
0.493977 0.265299 0.233971
-0.423052 -0.242940 0.364044
-0.031512 0.183343 -0.896684
0.488038 0.448318 0.126107
0.000687 -0.447974 0.408828
0.254786 0.185442 -0.578467
-0.473127 0.157489 0.408861
0.061766 0.101084 0.596030
-0.482280 0.321467 0.240472
0.213632 0.506986 0.406685
0.660198 -0.050287 -0.159368
0.042232 -0.207953 0.647354
0.452339 0.455575 -0.030185
0.312958 -0.110137 0.563721
-0.085204 -0.020531 0.631131
-0.391859 0.018488 -0.507992
0.527571 0.163627 -0.316350
-0.236057 0.585761 0.196457
0.487986 -0.418108 0.023642
-0.387840 -0.420129 0.303472
-0.556339 -0.394897 0.528572
-0.022643 -0.565900 0.379710
-0.339871 -0.211525 0.439921
-0.063269 0.633956 0.230183
0.367846 0.385369 0.341263
-0.484778 0.332056 0.139358
0.167590 -0.391151 0.334035
0.293246 0.589447 -0.145891
-0.587268 -0.216881 0.186561
-0.397661 0.507578 0.059606
0.567274 0.170100 0.154508
0.461934 -0.273055 -0.399878
0.121461 -0.600530 0.275265
-0.311657 -0.013642 -0.612375
0.394956 0.027900 0.511390
-0.661104 0.164947 0.066948
-0.409726 -0.271975 0.473955
-0.509201 -0.148693 0.454049
-0.618180 0.243402 -0.023686
-0.440521 0.162369 0.518131
-0.432545 -0.540517 -0.005288
-0.445675 -0.455472 0.133260
-0.575253 -0.274953 0.061825
-0.687550 -0.115379 0.217627
-0.178165 0.051584 -0.612611
0.118788 0.463542 -0.480312
0.349374 -0.073379 -0.555642
0.473391 0.285166 -0.342950
-0.339111 0.565289 -0.200091
0.553462 0.031942 0.088936
-0.186485 -0.596361 0.197153
-0.423257 0.326465 0.278333
0.391957 -0.379788 0.384156
-0.624495 0.111433 -0.025805
0.558946 0.211749 0.121500
0.342982 0.504960 0.114727
-0.605903 0.581714 -0.145052
0.188796 -0.145748 -0.572302
-0.487563 -0.477130 0.134382
-0.449665 0.472950 0.096712
0.005210 -0.436084 -0.525541
0.530833 -0.283287 -0.290508
-0.540117 0.252329 0.213016
-0.561336 -0.376222 -0.140481
-0.517859 0.345501 -0.113696
0.636516 -0.068373 0.059930
0.314069 0.559698 -0.038382
0.430745 -0.470229 0.035058
-0.057849 -0.271630 -0.548169
0.328106 -0.554071 0.139869
-0.553389 -0.247925 -0.173826
0.354524 0.479253 -0.238574
-0.032280 -0.523299 0.429772
0.212986 -0.340518 0.460654
0.434960 0.368352 0.276657
0.561648 -0.385025 0.115520
0.796225 0.153561 0.040479
-0.679358 -0.158989 -0.009004
-0.223878 -0.724050 0.067402
-0.174191 0.380135 0.556813
-0.154426 0.555180 0.316225
0.090903 -0.184881 -0.618863
0.393664 0.312543 0.413275
0.297464 -0.520803 0.062983
0.366133 -0.410129 0.683629
0.077437 -0.522118 -0.433509
-0.599632 -0.011853 -0.291831
-0.532052 -0.200340 0.193707
-0.328150 0.378590 0.411312
-0.257301 -0.460358 -0.389691
0.169552 -0.342184 0.500825
0.258679 -0.379788 0.417754
-0.086863 0.096682 0.653636
-0.189594 -0.508662 0.391601
-0.624266 -0.040530 -0.163116
-0.048993 0.574691 -0.097720
-0.172870 0.577190 -0.105596
-0.629967 0.150107 -0.052377
0.131954 -0.256386 0.543717
-0.219514 0.631930 -0.086039
0.341376 -0.486888 0.147850
0.314278 0.075976 0.600092
0.040461 0.030400 0.624909
-0.055347 -0.209262 0.635968
0.050933 0.032171 -0.663134
-0.329274 -0.114540 0.521403
-0.028109 -0.423589 -0.524141
0.584030 -0.207128 -0.228995
0.043161 -0.601249 -0.221778
0.140770 -0.071582 0.601172
-0.416760 -0.481299 -0.277786
0.409093 -0.373719 0.351481
-0.559398 0.190803 -0.116275
-0.158835 0.230048 -0.623463
-0.615695 0.009807 -0.090745
-0.161220 0.373821 -0.094914
0.240748 0.257912 -0.495796
0.137355 0.518885 0.310507
-0.368190 -0.161793 -0.476344
0.411247 -0.168089 0.488264
0.116106 -0.599816 0.247480
-0.133296 -0.310887 0.539415
0.090685 0.142720 -0.626379
0.085759 -0.652409 0.589835
0.227081 0.549467 0.214429
0.345485 0.564698 0.159984
-0.560227 0.265062 0.281716
-0.366252 0.400959 0.390825
-0.433631 -0.041129 -0.499056
0.250316 0.232341 0.184252
0.036683 0.537805 0.274655
-0.478229 0.400595 -0.246846
0.382492 0.540539 -0.116222
0.244731 -0.220500 -0.557509
0.443960 -0.358010 0.403050
0.379750 0.462837 0.265397
0.241435 -0.199148 0.557941
0.056536 0.203648 -0.618250
-0.132353 -0.457136 0.440503
0.007632 0.278395 0.877386
-0.521938 -0.208313 0.221279
0.523101 -0.243060 0.248123
-0.600466 -0.037912 -0.144758
0.149436 -0.422161 -0.516409
-0.559420 -0.277363 -0.294285
0.243558 -0.517118 -0.254877
-0.564655 -0.149528 0.209421
-0.201130 -0.398837 -0.456001
0.583230 0.354308 -0.050804
-0.265214 0.553037 0.204078
0.306635 -0.383247 -0.362330
-0.688793 -0.538765 0.391818
-0.321683 -0.520444 0.254268
0.627710 -0.074563 -0.204832
0.299292 0.199246 -0.570399
0.194459 0.264230 0.541424
0.589174 0.249944 -0.231037
0.211843 -0.080006 0.574444
-0.347087 0.514720 0.279244
0.178430 0.871710 -0.453026
-0.112574 -0.037799 -0.597196
0.086355 -0.638491 0.161636
0.564744 -0.343614 0.112793
-0.110299 0.200197 -0.558542
-0.176922 0.465566 -0.376596
-0.433259 0.209134 0.474021
0.571312 0.035397 0.383807
0.431856 0.205554 -0.475894
0.363667 0.148088 0.480593
-0.016336 -0.560671 -0.252170
0.301156 -0.465475 -0.393502
0.193822 -0.433931 0.471160
-0.324777 -0.531630 0.260441
-0.622355 0.083351 0.154466
0.374457 -0.495809 0.498085
0.491560 -0.351350 0.059520
0.343574 0.449145 -0.325805
-0.005829 0.026935 -0.672198
-0.082919 0.386906 -0.524031
0.075587 0.392154 0.532740
-0.591654 0.066688 -0.106963
0.099707 -0.651883 0.167279
-0.234160 0.479139 0.310086
0.018781 -0.342422 0.512327
0.500605 -0.328620 0.234303
0.339955 -0.383595 0.425689
-0.076960 0.539232 0.155375
-0.014634 0.549334 0.406350
0.027967 0.034089 0.684979
-0.101259 0.132486 -0.655585
-0.562999 -0.323389 -0.252269
0.011719 -0.075084 0.640061
0.370291 -0.524016 0.023874
-0.415168 0.267086 0.458108
-0.477520 -0.379555 -0.001766
0.490175 0.372636 0.269850
-0.136161 -0.455471 0.394446
0.137289 -0.583757 -0.251971
0.367427 -0.652540 -0.636715
0.180407 0.473042 -0.444942
0.127839 -0.277550 -0.529729
0.593558 -0.073132 0.107247
0.225290 0.440814 -0.440494
0.627105 -0.048213 0.140255
-0.272357 -0.271596 -0.308431
0.491353 0.177123 0.362086
0.521791 -0.250795 0.261519
0.070422 -0.418592 -0.548354
-0.611060 -0.092649 0.002834
-0.028942 -0.423947 -0.542092
-0.109452 0.432732 0.481440
-0.058306 -0.477992 0.411794
0.526776 -0.476305 -0.691402
0.307589 -0.350632 0.504111
-0.214705 -0.543418 -0.351722
0.227142 -0.424293 0.413465
0.367461 -0.085504 0.580796
0.673885 -0.023151 0.187364
0.182289 -0.503325 -0.420460
0.213978 0.135014 -0.595041
0.245125 -0.191544 -0.574531
-0.228453 0.391201 0.435735
-0.058092 -0.346241 -0.528914
-0.581057 0.182831 -0.029567
0.606051 -0.094791 -0.024745
0.241480 0.546016 0.284209
0.515733 -0.067664 -0.352065
-0.418014 0.433319 -0.282613
-0.243676 0.539113 0.131428
-0.348811 -0.472132 0.142994
-0.502312 -0.358968 -0.147806
0.011901 0.015882 0.608965
-0.349357 0.352874 -0.442722
-0.283125 -0.484751 -0.258212
0.456074 0.227921 0.454257
0.012585 -0.485100 0.482667
0.434095 -0.157499 0.466230
-0.552748 -0.033383 0.512869
-0.065072 0.333713 -0.574993
0.542061 0.411071 0.021204
0.572156 0.232572 -0.101756
0.233349 -0.095989 -0.564062
-0.419130 -0.322074 0.358031
0.672808 -0.107762 -0.087553
0.154000 0.272548 -0.606406
0.080411 -0.534018 -0.412354
0.161990 0.573623 0.237827
0.555002 -0.084204 -0.309624
-0.237983 0.211859 -0.547269
-0.192288 0.222820 0.593521
0.107195 -0.376347 -0.510205
0.058024 -0.593998 0.158325
-0.567045 -0.324097 0.243260
-0.061190 -0.423935 0.506408
-0.554776 -0.114779 0.360863
-0.237897 0.472331 0.494612
-0.378737 0.575169 0.048106
0.185163 0.040039 0.636018
0.526436 -0.189273 0.260683
-0.095202 -0.060991 0.604866
0.351846 -0.525204 0.281273
-0.090547 0.169033 0.623173
-0.549785 -0.239846 0.353932
0.446001 -0.068261 -0.473667
0.387840 0.431414 -0.360635
-0.235647 -0.527472 -0.377458
0.013481 0.580520 -0.252425
-0.281320 -0.145611 -0.600425
-0.654955 0.177240 0.052110
-0.061490 0.533880 0.397929
0.084724 -0.040285 0.678428
-0.438148 0.045750 0.472387
-0.482678 -0.377295 -0.254091
-0.293070 0.365258 0.350162
0.051736 -0.476890 0.376681
-0.335564 0.179135 -0.539614
-0.267857 0.122504 0.530709
0.505227 -0.291450 -0.370050
0.391991 0.198425 0.506025
-0.085453 -0.205573 0.658096
-0.101214 -0.682849 0.001599
-0.344175 -0.548652 -0.264997
-0.356986 0.139164 0.570878
0.157469 0.583616 -0.033181
-0.345303 0.497103 -0.247463
0.665679 0.072998 0.081843
0.023481 0.641688 -0.006407
0.412092 0.032779 0.509214
-0.239178 0.137128 -0.563218
0.500484 -0.369205 -0.386437
-0.346555 -0.554954 0.158488
-0.347623 -0.494026 0.339302
-0.051628 0.291231 -0.588593
0.412912 -0.195816 0.470533
-0.342927 0.431653 -0.307228
-0.186029 -0.583280 -0.181566
0.227144 -0.391579 -0.515649
-0.192514 0.423211 0.431020
-0.037327 0.643711 -0.029550
-0.473635 -0.389548 0.062706
-0.583426 0.365019 0.092331
-0.099381 -0.295549 -0.607777
-0.045421 0.613008 -0.166184
0.098331 0.647759 0.181898
-0.141458 0.523289 0.400995
-0.654961 0.070973 -0.038270
0.236354 0.398102 0.384646
0.337684 -0.541747 0.010834
0.001633 -0.551741 0.243009
0.204808 0.208293 -0.248635
-0.357779 -0.025089 0.497141
-0.516554 0.268632 0.311843
0.385762 -0.504856 0.143232
-0.368402 0.264467 0.394098
-0.208474 0.170210 -0.554972
-0.295459 0.227567 -0.586970
-0.350575 -0.116682 0.577791
0.366869 -0.033039 -0.576626
-0.503381 -0.321127 -0.186711
-0.435426 -0.197601 0.428477
-0.298697 -0.206882 0.624121
0.355481 0.564101 -0.073168
-0.552621 0.104171 -0.222136
-0.254547 -0.163330 0.546621
-0.511474 -0.349091 -0.155713
0.148248 -0.400503 -0.423979
0.459547 -0.401683 0.329671
0.447677 0.111318 0.454946
0.168128 -0.272450 0.566848
0.585846 0.315039 0.067521
0.019043 0.059316 0.617665
-0.607827 0.250779 -0.057170
-0.602036 -0.203804 0.298645
-0.230035 -0.192722 0.584436
-0.355086 0.077403 0.489036
-0.626536 -0.198747 -0.000882
0.222014 -0.612435 -0.248594
0.581408 -0.277929 -0.065664
0.355534 -0.539608 -0.216239
0.048183 -0.185952 -0.617915
-0.584149 0.204250 -0.095597
-0.004074 -0.470831 -0.458534
0.036964 0.258474 0.583329
0.391362 -0.377646 0.386626
0.292870 0.268276 0.475839
-0.458166 -0.393836 -0.291093
0.317999 0.604800 0.108945
0.465861 -0.272579 -0.369029
-0.077741 -0.599223 0.062320
0.459830 0.356452 0.228395
-0.523838 -0.144173 0.258820
-0.023234 -0.494511 -0.411521
-0.288427 0.401188 -0.381500
-0.162158 0.608132 0.150518
-0.640656 0.498649 -0.489123
0.020702 -0.059087 0.622920
-0.563111 -0.202719 0.295372
0.241568 0.037065 0.728192
-0.492742 0.485802 0.098485
-0.492991 0.302420 -0.380804
0.475608 -0.461661 0.033478
-0.654851 -0.086934 0.222879
0.469098 0.122503 0.446984
-0.458038 -0.252698 0.349369
0.415543 0.031341 -0.446857
0.081835 -0.594939 0.114681
-0.248924 0.342412 0.447687
0.025589 0.074667 0.633646
0.319180 0.233502 -0.517597
0.286808 0.219871 -0.517441
0.242193 0.544827 0.300507
0.231988 -0.306599 -0.524866
0.388266 -0.415488 0.291892
0.074669 -0.175959 -0.605245
0.340418 -0.591725 0.137632
-0.083918 -0.407167 -0.504126
-0.256350 -0.481651 0.283130
-0.222918 -0.590538 -0.118341
-0.366196 -0.648247 0.217308
0.597478 -0.186655 0.226090
-0.139729 -0.430848 -0.504010
0.330356 0.292661 -0.466134
0.196497 0.525899 -0.282089
0.240955 -0.266976 0.582873
0.607137 0.148084 0.005544
0.387289 -0.297624 -0.389273
0.529164 -0.341118 -0.140554
0.142830 0.540661 0.299685
0.291285 -0.371824 -0.443268
0.444802 -0.205336 0.409035
-0.119671 0.688098 0.035766
-0.251655 0.426653 -0.456010
-0.002479 0.337176 0.545912
-0.209431 0.087757 0.608406
-0.162464 -0.539960 0.312626
-0.289796 -0.597083 -0.200416
-0.058182 0.137603 -0.630905
0.450767 0.033017 0.428884
0.456567 -0.477251 -0.092703
0.195167 0.175088 -0.646770
-0.344991 -0.271142 0.487059
0.216626 0.561624 -0.208187
-0.155386 0.423201 -0.493948
-0.306998 0.293017 -0.518316
-0.665915 -0.030652 -0.109597
-0.315613 -0.514615 0.089408
-0.309048 -0.163341 -0.504211
0.104991 0.591825 -0.247443
0.187273 -0.504505 -0.288999
-0.366360 0.586118 0.091104
0.012872 0.337759 -0.581995
-0.600355 -0.158456 -0.101577
0.084702 -0.417985 0.516606
0.378679 0.461170 0.199954
-0.436947 0.234480 0.361644
-0.473858 -0.133464 0.171226
-0.270696 0.405600 0.437462
0.208927 -0.556859 0.154879
0.390703 0.546727 -0.077304
-0.411287 -0.501409 -0.229614
0.165090 -0.128691 -0.636081
-0.570237 0.025155 -0.297626
0.469812 0.130705 -0.379147
-0.455982 0.303023 0.369414
0.186313 -0.644325 -0.179986
-0.109510 -0.531399 -0.331609
0.562852 -0.147506 0.148683
-0.177222 -0.572565 0.252927
0.186937 -0.157617 0.649525
-0.410437 -0.208550 0.415269
0.574861 -0.306131 -0.008437
0.557602 -0.386454 0.069710
-0.409951 -0.038869 -0.524741
0.045829 0.253270 -0.637283
0.382681 -0.272579 -0.404541
0.336046 -0.068606 0.606915
-0.591304 -0.048978 -0.097805
-0.458284 -0.375035 -0.292412
0.242940 -0.913135 0.037605
-0.382580 -0.026124 0.546343
-0.401591 0.462241 0.190395
0.444667 -0.483436 0.189322
0.263597 0.272917 0.506798
-0.438519 -0.197126 0.396324
-0.167897 -0.603123 -0.120751
0.642000 0.090491 0.141931
-0.554060 -0.088608 -0.402020
0.078285 -0.271630 -0.607394
-0.014400 -0.022197 0.680174
0.337821 -0.239261 -0.453874
-0.488261 -0.207010 -0.302823
-0.427204 -0.010060 0.466830
0.453963 -0.237941 0.476441
-0.231916 0.191642 0.609501
-0.548217 0.124281 -0.288306
0.578327 -0.060992 0.336947
0.599261 -0.217358 0.051952
0.217526 -0.045877 0.656193
0.589644 0.139394 -0.299834
-0.442917 -0.104427 0.397257
0.166334 -0.422161 -0.460453
0.441217 -0.470227 0.240561
-0.524431 -0.113590 0.308370
0.335566 -0.141553 0.506998
0.191103 -0.129190 -0.611072
0.537945 0.035872 -0.357989
0.227913 0.533874 -0.158852
-0.603449 -0.163099 -0.278927
0.129267 0.595278 -0.096746
0.066899 0.378588 0.524139
0.422178 -0.461540 0.290586
0.425286 -0.454081 -0.148870
0.390227 0.545658 0.060350
0.624733 -0.105740 -0.145966
0.667932 -0.074329 -0.591501
-0.363869 0.458790 0.180525
-0.362016 -0.394671 -0.427930
0.546912 -0.058025 -0.374376
0.522048 0.058482 0.410189
-0.088324 -0.469759 -0.393489
0.071848 -0.442509 -0.479420
-0.537770 -0.298638 -0.322931
-0.613561 -0.119422 0.108443
0.214541 -0.213797 -0.555530
0.781690 -0.133110 -0.339289
-0.597471 0.302188 0.063043
-0.548805 0.238403 -0.077105
-0.417921 0.000174 0.517587
-0.252307 -0.529137 -0.299728
-0.273112 -0.200468 -0.526545
-0.334626 -0.057195 -0.565038
-0.685784 0.034560 -0.019353
-0.162752 0.627884 -0.079310
0.194426 -0.289955 -0.512133
0.092906 -0.527940 0.393690
0.430672 0.305633 -0.374130
-0.331870 0.254343 -0.455860
-0.251645 0.601588 0.163274
-0.086906 -0.635271 0.734601
0.194888 -0.519372 0.408012
-0.506687 0.104764 -0.407733
-0.365051 0.584570 0.057624
-0.080678 0.040038 0.600112
0.048579 0.215074 0.585584
0.545228 -0.349567 -0.171361
-0.071746 0.165093 -0.502464
0.252521 0.127858 0.529228
-0.523931 0.298614 -0.181409
-0.056734 0.479021 0.357053
0.022403 0.524708 -0.422747
0.624939 -0.041533 -0.134582
-0.195537 -0.383606 -0.501183
0.181932 -0.260563 -0.607714
-0.411631 -0.286145 -0.414003
0.588833 0.522576 0.261706
0.176505 0.513054 0.308621
0.429201 -0.416678 0.239405
-0.286987 0.601824 0.025105
0.523806 -0.394547 -0.074921
0.533801 -0.411205 0.133494
0.130621 -0.656222 0.116751
0.226367 0.557559 0.279566
0.431327 0.398722 0.262062
0.565697 -0.333618 0.186884
0.604746 -0.041245 -0.329311
0.542274 0.000760 -0.360378
0.149614 0.566604 0.368549
0.513050 0.836374 -0.140316
0.826579 0.316943 -0.210524
-0.083551 -0.248425 -0.568384
-0.400331 -0.356583 0.393080
-0.111939 0.645617 0.188800
-0.158287 -0.323512 -0.495577
-0.574978 0.342887 0.195956
0.000987 0.580406 0.205423
-0.444205 0.246975 0.414332
-0.048895 0.697540 0.066685
0.316982 -0.491058 -0.312303
-0.523108 0.131190 0.378699
0.192185 0.053830 -0.567566
-0.015729 -0.356463 0.527700
-0.408869 0.133804 0.100265
0.244795 0.273037 0.591720
-0.350431 0.299444 -0.443680
-0.245952 0.281128 0.477920
0.622234 -0.115734 0.059139
-0.141117 0.253522 0.633709
0.418367 -0.510448 0.229890
-0.693267 -0.498436 0.024042
-0.647348 0.029919 0.001058
-0.647942 0.047057 0.142368
0.249894 -0.039928 0.626954
-0.187813 -0.575899 0.086154
-0.662820 -0.009824 0.171530
-0.263661 0.656201 -0.534977
-0.006166 0.360143 0.498881
-0.032310 0.967392 0.071100
0.068228 0.709755 -0.080717
-0.439913 0.375843 -0.270367
0.135205 0.385727 0.515021
-0.360959 -0.088727 0.478230
0.333932 0.401196 0.312447
0.607114 -0.231996 -0.021319
0.053407 -0.390258 0.564460
-0.325723 -0.423104 0.297471
0.591790 0.213055 -0.185786
-0.478112 0.368708 0.152858
0.350341 0.179016 -0.561031
-0.296457 -0.551981 0.042878
-0.291773 0.163904 -0.509371
0.026292 -0.113839 -0.595517
-0.166857 -0.361937 0.521894
0.265580 -0.398599 -0.472805
-0.224401 -0.593134 0.185398
0.360459 0.234124 0.513992
0.754840 0.603854 0.149601
-0.125181 0.078342 -0.654690
0.475383 -0.230089 0.287659
-0.607954 0.123572 0.130693
-0.036084 -0.461777 0.423493
0.121587 -0.494986 -0.339789
-0.295557 0.566457 -0.065781
0.530350 -0.407278 0.159023
0.450616 0.357465 -0.291460
-0.120396 0.501987 0.360381
0.462791 0.255093 -0.295492
0.449362 0.427137 0.250406
0.306188 0.109653 0.601162
0.448275 0.157965 0.480565
-0.119936 0.235301 -0.619320
-0.285985 -0.550789 0.226077
0.069892 -0.556140 -0.315587
0.662937 -0.014346 0.124930
0.472317 0.234709 -0.435407
-0.260928 0.585280 -0.273271
-0.432008 -0.762726 -0.247331
-0.102715 -0.329927 0.556623
0.164348 -0.633813 0.054146
-0.195116 -0.102796 0.579400
0.350200 0.519348 0.243231
-0.262420 -0.492598 0.308834
0.465251 -0.518423 0.022882
-0.365173 0.240337 -0.480728
-0.337330 0.486516 0.199690
-0.632107 0.174980 0.138714
-0.177335 -0.466062 0.375141
0.434080 -0.411684 -0.068935
-0.559282 0.141416 -0.371886
-0.087787 0.567913 0.388433
-0.488942 0.348475 -0.187772
-0.474697 -0.227597 -0.337154
-0.293721 -0.565785 0.026681
0.264883 -0.119777 0.526864
0.431625 0.322657 0.349860
0.100112 0.590634 -0.330877
0.593441 -0.039461 -0.328771
0.577848 -0.113716 -0.341051
0.551671 -0.070042 -0.244809
-0.529917 -0.317909 0.313269
0.835951 -0.163569 -0.050422
-0.419812 0.217821 0.421951
-0.516824 -0.260441 -0.386620
0.381968 -0.264001 0.514412
-0.475062 -0.366351 -0.568030
-0.522888 -0.182371 0.270696
0.236071 -0.350751 0.545769
0.411744 0.178076 0.495893
-0.581788 -0.117404 -0.289408
-0.160044 0.137485 -0.575682
-0.521801 0.084297 -0.356670
0.639369 -0.123706 0.129449
0.565474 -0.076939 0.264954
0.532057 0.283143 -0.301767
-0.584169 -0.126805 -0.347520
-0.164253 -0.595534 0.051439
-0.102978 -0.565802 0.325182
-0.250406 -0.578282 -0.213150
-0.218328 0.349051 0.587048
-0.209709 -0.572690 -0.227047
-0.592490 0.025399 0.187786
-0.384808 0.536016 -0.228363
-0.390319 0.487083 0.264538
-0.570851 -0.298874 -0.180071
0.342808 -0.420850 -0.312576
-0.525975 -0.057550 -0.445593
-0.498740 -0.325644 0.254039
0.379713 -0.170708 0.457940
-0.473442 0.408046 -0.216879
0.534792 0.250306 0.243805
0.069713 -0.332783 0.495515
-0.363519 0.336581 0.427419
-0.449433 0.383458 -0.357255
-0.248459 0.143924 0.625108
0.623547 -0.038626 -0.216749
0.229177 -0.222590 0.622067
0.415573 0.529474 0.032886
0.049780 0.431468 0.536222
-0.253494 -0.473685 -0.297084
0.653029 0.196533 0.198012
0.431828 -0.267096 0.435629
0.011106 0.653468 -0.139903
-0.262650 -0.360985 0.521498
-0.177434 -0.129071 -0.634747
0.363208 0.432963 -0.206078
0.385356 0.261429 -0.524567
-0.843557 0.331583 -0.027211
-0.478954 0.219478 -0.426547
-0.163239 0.438433 -0.453921
0.058101 0.505320 0.398833
-0.077365 -0.275783 0.544172
-0.360790 0.204959 -0.468672
-0.003211 0.036112 0.643464
0.060413 -0.642298 0.246146
0.168353 -0.488323 -0.414845
-0.133163 -0.062418 0.677165
0.528930 -0.275074 -0.089247
-0.411147 -0.141790 0.535449
0.266168 -0.521283 -0.231278
-0.470853 0.378345 0.031679
-0.049053 -0.427993 -0.548238
0.111889 0.524240 0.315366
-0.516469 -0.295182 0.161555
-0.191210 0.338485 0.517924
0.075934 0.226258 -0.557405
0.434608 0.449504 -0.212934
0.139123 0.245298 -0.540048
0.379262 0.264339 -0.455406
-0.177207 -0.316361 0.494862
0.395536 -0.221054 -0.476286
-0.490650 -0.360871 0.004333
-0.635933 -0.118472 -0.045575
-0.381596 0.521857 -0.034224
-0.414634 -0.059510 -0.478945
-0.185672 -0.589345 0.121024
0.279470 0.007405 -0.531461
-0.378503 0.498888 -0.201881
-0.008420 0.491754 0.403489
0.475610 -0.418585 -0.027998
-0.044110 0.640856 0.079018
-0.624992 -0.235922 -0.031046
0.151489 0.071560 -0.631733
0.427226 0.388105 0.234427
-0.441582 0.328718 -0.392788
0.243740 0.542444 0.097579
0.652590 0.087157 -0.080603
0.478735 0.100955 -0.471279
0.584636 -0.027197 0.308629
0.003456 0.078461 -0.661509
-0.454594 -0.368965 -0.217605
0.706177 0.020540 0.007044
-0.058629 0.628719 0.128472
0.232147 -0.308746 0.464528
-0.564756 0.142852 0.384697
-0.171352 0.087162 0.636784
0.195547 0.564818 0.224789
0.294639 0.000042 -0.606534
-0.584642 -0.071822 0.199274
0.179304 -0.443580 -0.420181
-0.504418 0.249830 0.275907
-0.369987 -0.378716 0.416283
0.228736 -0.522999 0.013256
-0.121945 0.467351 -0.357984
0.272937 -0.754988 0.193763
-0.590484 -0.269481 -0.105469
0.335783 -0.492962 -0.354603
-0.314494 0.304203 -0.513944
0.251288 -0.601595 0.685988
0.465373 -0.031090 0.404131
0.577953 -0.341591 0.144902
0.097800 0.091367 -0.655971
-0.215593 0.521021 -0.223087
0.466488 0.267553 -0.424187
0.299793 0.616819 0.074221
-0.310013 -0.380987 -0.420091
0.292533 0.609200 -0.136108
0.428279 0.088817 -0.462223
-0.433638 -0.155238 0.468468
0.280947 -0.121573 -0.555817
-0.314859 0.171757 -0.551066
-0.512779 -0.271863 -0.253468
0.559300 0.162842 0.232324
0.050365 0.479978 0.784980
-0.128067 -0.418710 -0.464811
0.298567 0.008862 0.628321
0.596173 -0.114545 -0.019689
0.371836 -0.556624 -0.203482
-0.609638 0.078717 0.188453
-0.018169 0.633597 0.029437
0.339004 -0.356464 0.448254
0.596904 0.162837 -0.253531
-0.495000 0.527927 0.016414
0.241695 0.179267 0.561800
-0.242128 0.547797 -0.112090
0.590688 -0.304823 -0.117885
0.517269 -0.262575 0.326544
-0.608208 -0.159049 0.103648
-0.444944 -0.175586 0.509491
0.035499 0.624908 -0.146849
-0.128959 0.584214 0.174369
0.021892 -0.062072 -0.273854
0.450790 0.432490 0.061953
-0.217918 -0.542579 0.137201
0.358991 -0.442387 -0.210431
-0.233511 -0.614455 -0.003508
0.608690 0.245066 -0.209582
-0.186503 -0.559242 -0.172355
0.164792 -0.345397 0.519379
-0.442102 -0.408468 0.159019
-0.469708 -0.386458 -0.264535
-0.426591 0.287782 -0.434450
0.745508 -0.245445 -0.413678
-0.500759 -0.254959 0.355457
-0.334273 -0.133354 -0.548577
0.407110 0.291599 0.346729
-0.550829 0.213294 -0.114114
-0.106872 -0.196410 0.644211
-0.418610 0.423925 0.335388
-0.348555 0.424010 -0.366465
-0.151570 0.561487 0.345881
-0.362594 -0.118121 -0.472780
0.538802 -0.350520 -0.267462
-0.336191 -0.363970 -0.448666
-0.529427 -0.071702 0.378934
0.277598 -0.414425 -0.373680
0.453596 -0.403946 0.168252
0.356607 -0.511879 -0.014938
-0.028954 -0.622188 0.154719
-0.472431 -0.256015 -0.355025
0.036558 0.430352 0.494735
0.632949 -0.027080 0.117494
-0.247262 0.260886 -0.589699
-0.278017 -0.639920 -0.016097
0.186252 0.341565 -0.801714
0.008962 0.372357 -0.469140
-0.504892 0.283150 0.277424
0.014756 0.011122 0.670875
-0.807165 -0.027798 -0.502557
-0.130036 0.482354 0.453154
-0.019240 0.632525 -0.055014
-0.155342 0.463396 -0.238416
0.318070 -0.195104 0.330149
0.381534 0.447598 -0.337225
0.237185 0.375732 0.484881
0.568113 -0.252078 0.269602
0.568086 -0.179992 0.173095
-0.044146 0.032528 -0.638779
-0.151129 -0.023639 -0.619620
0.468392 0.268512 0.268219
-0.593463 -0.327314 -0.167919
0.449482 0.442960 -0.162010
-0.089474 0.214965 0.564221
-0.383310 -0.297214 -0.614401
0.616769 0.033010 -0.230741
-0.132710 -0.454279 0.509244
0.103314 0.403090 -0.533552
-0.369967 -0.041118 0.569053
0.331656 0.140221 -0.751915
0.409457 -0.262107 -0.376984
-0.161457 0.388227 0.532818
-0.088394 0.364535 -0.501632
0.201128 0.358703 -0.556598
-0.494689 -0.231160 0.253268
-0.411113 0.421301 -0.194830
0.409861 0.541731 0.103870
-0.225020 0.082640 0.615048
-0.635584 -0.255081 -0.045554
-0.467685 -0.376579 -0.064499
-0.024357 0.628005 0.155232
0.038061 -0.310542 -0.599142
-0.216251 -0.526995 -0.245147
0.517056 0.167239 -0.293498
0.006769 0.539601 -0.389872
0.654836 -0.163212 0.183073
0.118677 0.611823 0.296922
0.229343 0.562314 -0.168836
0.057132 0.209254 0.605418
0.606398 -0.276261 0.101458
-0.380797 -0.052899 0.551375
0.188099 -0.611839 -0.125043
-0.675310 0.057885 0.108450
-0.063632 0.539703 -0.287735
-0.584148 0.228527 0.061353
0.083617 -0.646225 0.205004
0.558581 0.069192 0.362486
-0.053106 -0.550558 -0.337798
0.511469 0.265412 -0.361721
-0.380514 -0.586226 0.060094
-0.430986 0.411662 -0.240923
0.732083 -0.057466 -0.317036
0.589859 -0.239971 -0.260119
0.085084 0.004459 0.678682
-0.373025 0.576357 -0.124896
0.631169 0.054793 0.249973
0.592604 -0.110020 0.225823
0.156202 0.479599 0.157206
0.112178 -0.618027 -0.145067
0.393892 0.134879 0.475900
0.437205 0.112270 0.501190
0.296895 -0.080745 0.561468
0.219280 -0.567576 -0.532304
-0.551321 -0.043745 -0.363277
0.202053 -0.098832 0.647921
0.348204 -0.346086 -0.436679
0.887625 0.318015 -0.320850
-0.601296 0.016469 -0.298503
-0.375091 -0.152749 -0.468316
-0.308877 -0.398743 0.224142
-0.201328 0.272906 -0.541656
-0.436480 0.087161 0.483946
0.540628 0.327532 -0.087267
0.407670 -0.283042 0.404776
0.681260 -0.065280 -0.132513
-0.374037 -0.440001 0.331805
-0.618191 0.062284 -0.247380
-0.352212 0.380721 -0.316848
-0.476684 0.376205 0.185650
0.180149 -0.243415 0.541163
0.609752 0.101678 0.312204
-0.668774 -0.088363 0.170075
0.591560 0.346813 0.140577
-0.303434 0.190083 -0.497862
-0.612487 -0.234864 0.306767
-0.519291 0.271964 0.328903
-0.630923 0.081444 -0.154612
-0.031111 -0.882790 0.178978
-0.025942 -0.007337 -0.669352
0.386182 0.559224 0.144865
0.249391 -0.488916 -0.286217
-0.581202 -0.262690 0.600375
0.307631 0.353240 0.411825
-0.187809 -0.507481 -0.401312
0.369942 -0.378360 0.378512
-0.566062 0.187945 -0.256103
-0.258152 -0.755706 -0.223816
-0.407113 -0.347182 0.435316
-0.305120 -0.150014 -0.553624
0.307503 0.197592 0.567871
-0.589532 -0.270551 -0.003089
0.565882 -0.046351 -0.024437
0.517513 -0.159522 0.356932
0.030966 0.451889 0.346825
0.244094 0.483426 0.512865
0.182579 0.607415 -0.171084
-0.325127 -0.406682 0.344723
0.603671 -0.107996 0.310409
-0.035138 -0.566860 -0.279784
0.169962 0.554585 0.353275
-0.313700 -0.350632 0.484793
0.111233 -0.509266 -0.397775
0.347950 -0.000671 -0.595302
0.258075 -0.533297 0.212341
0.525354 -0.373247 -0.092834
0.105458 0.439623 -0.501451
-0.540723 0.061926 -0.253591
0.663523 -0.167976 -0.140552
-0.153415 -0.452020 0.390929
0.579539 0.307541 -0.076258
0.038237 0.655135 -0.007658
-0.365889 0.511506 0.168476
-0.219411 0.354420 -0.543921
0.031764 -0.149539 -0.675598
-0.016690 -0.515208 0.343411
-0.486126 -0.327787 0.200167
-0.167804 -0.277579 -0.511115
0.025973 0.532095 0.417861
-0.575591 0.036341 -0.346430
0.251647 -0.566854 0.166786
0.309959 -0.512832 -0.046172
-0.176034 -0.596008 0.209593
-0.241694 -0.153941 -0.627314
0.180316 0.570884 0.051653
-0.087594 -0.190593 -0.584269
-0.667322 0.324087 0.285414
0.513607 0.187476 0.400179
-0.416596 0.199052 0.479065
0.540028 0.257797 -0.297057
0.362856 0.527451 0.050080
-0.234512 0.561246 0.069223
0.063671 0.115364 0.614588
0.621885 0.028608 -0.187822
0.288924 -0.055398 0.564347
0.351173 0.162844 0.514148
-0.594017 0.350619 -0.042419
-0.335456 -0.007918 0.585855
0.393994 -0.136198 0.542160
0.060842 0.563863 0.009549
0.154064 -0.649323 -0.136347
0.446819 -0.310411 0.419331
0.032878 0.588135 -0.341774
-0.148370 0.349790 0.559812
0.094812 -0.494392 -0.403898
-0.637947 0.020162 0.100545
0.468587 -0.452380 0.001198
0.266523 -0.541389 0.177913
-0.474071 0.286363 0.339404
0.410644 -0.298401 -0.332889
0.168419 0.619672 -0.127124
0.072392 0.689408 0.081223
-0.448171 -0.408114 -0.130716
-0.247131 0.465089 -0.444975
0.315080 -0.450115 0.396876
-0.608187 0.196159 -0.044612
0.562013 -0.244847 0.021534
0.083287 -0.198909 0.652355
-0.599512 -0.141142 -0.034298
0.394241 0.002433 0.403781
-0.670774 0.240231 0.161456
0.314120 -0.580779 -0.021536
-0.249738 0.650257 0.020950
-0.300343 0.133321 -0.567659
-0.568086 0.176047 -0.100481
-0.056086 -0.630759 -0.074913
-0.165254 0.578617 -0.145191
0.160608 -0.667641 0.520147
0.134442 -0.430015 -0.490401
0.395347 0.085066 0.576437
0.381478 -0.499502 0.103330
-0.459829 -0.338138 0.371421
-0.645912 0.164861 -0.189301
0.312103 -0.490105 -0.164770
0.017820 -0.493669 0.404586
-0.284259 0.452953 -0.317368
0.397945 0.268871 0.423364
-0.287129 0.215549 -0.538063
0.451314 -0.456599 0.214549
-0.397664 0.457004 0.105957
0.035218 -0.097524 0.594800
0.413665 0.466044 -0.258515
-0.401360 0.337890 0.455220
0.187394 -0.465110 0.367009
-0.560250 -0.125489 0.322506
0.269775 0.103214 -0.597569
-0.159477 0.510551 -0.226113
-0.577877 -0.375746 -0.088374
-0.695908 -0.076844 0.033373
0.173028 0.080974 0.626627
0.323326 0.133440 -0.521288
0.231574 0.060030 0.614443
-0.664482 0.043010 0.037689
-0.083618 0.628240 -0.093707
0.197779 0.078938 -0.620449
-0.378431 -0.281732 0.507627
0.042047 0.680721 0.094758
-0.134617 -0.503308 0.316154
0.154679 -0.307198 0.506326
0.323706 0.534706 -0.267802
-0.551651 0.398813 -0.082711
0.026858 -0.599463 -0.101563
-0.415420 0.033850 0.495473
-0.519215 -0.445716 -0.069542
-0.053562 -0.104696 -0.627023
-0.106173 -0.452020 0.412414
-0.329417 -0.517471 0.125364
0.377258 0.575169 0.048542
-0.691620 -0.052778 0.543851
0.442821 0.493775 0.143054
0.026335 0.618005 -0.241300
-0.566530 0.325152 -0.108950
0.504302 -0.199989 -0.301870
0.248568 -0.316123 0.541960
0.228984 0.537920 -0.161108
0.071056 0.242097 0.598452
-0.604617 0.205800 0.160749
0.004913 0.571005 0.239217
-0.229035 0.612888 -0.246595
0.199806 0.132738 0.614761
0.010328 -0.413345 0.480509
-0.408423 -0.372886 0.382179
0.345062 -0.545558 -0.262259
0.023155 -0.828772 -0.322971
-0.596406 0.209249 0.008441
-0.378206 -0.511520 0.196980
0.371418 0.421307 0.349495
-0.297005 0.243395 -0.473843
-0.653300 -0.013635 -0.135952
0.550714 -0.145718 0.401301
0.642360 0.143327 0.186373
0.030077 -0.502127 -0.480561
-0.563836 -0.394308 -0.002280
0.139947 0.090004 -0.632932
0.331065 0.208777 0.510932
-0.580605 -0.224025 -0.248005
0.272591 -0.567930 -0.235876
0.133023 0.415579 -0.448948
0.522516 -0.065404 -0.450431
-0.280584 0.232089 -0.557143
-0.155268 0.404994 -0.492912
-0.322242 0.086316 -0.588764
0.287963 -0.209619 0.586601
-0.425203 -0.381936 -0.236007
-0.645092 -0.058851 0.236958
-0.421103 0.526976 0.109398
0.080827 0.459861 0.254413
-0.348041 0.470209 -0.205551
0.469113 0.379177 -0.093024
-0.669010 -0.045406 0.003822
0.566925 0.300762 0.248215
-0.298769 0.592068 0.168913
0.642112 -0.016968 -0.167604
-0.451593 0.081330 0.403246
0.060059 -0.581730 0.147787
0.186847 0.334915 0.502102
0.039646 0.338605 0.596134
-0.631510 0.217103 0.007806
0.147522 -0.603863 0.146619
0.453050 0.407145 0.215212
-0.245997 -0.472020 -0.388537
-0.129150 -0.621952 -0.033810
0.098611 -0.645275 0.091936
-0.228832 0.026578 -0.660813
-0.111635 -0.257100 0.578195
-0.011427 -0.046963 -0.661265
-0.754484 -0.611235 0.135581
-0.258849 -0.468322 0.396626
-0.318326 -0.111089 0.535222
-0.618903 0.089535 -0.152134
-0.616333 -0.707028 0.254107
-0.245022 -0.080863 0.631719
-0.180292 -0.159640 0.609143
0.454693 0.021832 0.502925
0.054857 -0.011963 0.664350
0.203826 -0.296738 -0.508430
0.316198 0.333249 0.485670
0.063331 0.396307 -0.478532
0.041090 0.596468 -0.071009
0.000743 0.482472 0.398464
-0.145040 0.315875 0.508211
0.171712 -0.031493 -0.673599
0.343081 0.154039 0.587304
0.572621 0.049549 -0.387482
-0.218804 0.569099 0.024845
0.583566 -0.014588 -0.162418
-0.028230 -0.467727 0.395986
-0.601066 -0.115379 -0.164485
-0.159136 -0.600531 0.110915
0.246838 0.600275 -0.149524
-0.893450 -0.220212 -0.156374
0.278302 -0.580422 -0.030928
0.215589 -0.603981 0.247027
0.270344 -0.320050 0.533302
-0.498341 0.387987 0.270910
0.445676 0.484493 0.057222
0.458394 0.232091 -0.434873
-0.257547 -0.598269 0.228777
-0.119332 0.380968 0.557894
0.469433 -0.238300 0.290165
-0.309735 0.281839 0.221647
-0.595687 0.282551 -0.125060
-0.395474 0.385694 0.358461
0.347503 0.491273 -0.075692
0.473354 -0.337782 0.280862
-0.028762 0.596234 0.288719
0.260943 -0.327902 0.651833
0.098545 0.253508 -0.573929
-0.070535 0.521495 -0.349663
0.339284 0.340626 0.360177
0.617583 -0.281018 0.412931
-0.032491 -0.083138 -0.679966
-0.210723 0.375483 -0.457816
-0.162326 -0.204978 0.639770
-0.304129 0.500196 -0.299541
0.532059 0.316108 -0.108946
-0.611184 -0.171661 0.197411
0.022727 -0.028280 -0.663111
-0.335590 0.524841 -0.028355
-0.533705 0.017896 -0.358743
0.251567 0.092160 0.620168
0.500004 -0.437503 0.208142
-0.207635 0.281248 0.574323
0.639488 -0.122159 0.130084
-0.438297 -0.459518 0.161722
0.166958 0.063468 -0.594151
0.205781 0.553273 0.116889
0.501961 0.453315 0.054306
-0.018702 -0.316123 0.558899
-0.492507 0.429275 -0.161736
0.630330 -0.045523 0.231712
0.320570 -0.172385 -0.537798
-0.274853 0.539946 0.110958
-0.323772 0.359428 0.412644
0.522981 -0.259368 -0.191451
0.018957 0.604801 0.233090
0.076953 -0.643135 -0.091456
0.444122 0.357755 -0.267706
-0.468827 0.416305 -0.024925
0.153514 0.108220 0.250405
-0.585038 -0.249998 0.021722
0.423045 0.118814 0.437379
0.591943 -0.120959 0.137532
0.043641 -0.522229 0.323682
0.270510 0.467359 0.323041
-0.089927 0.601348 0.041693
-0.256938 -0.363366 0.451047
-0.307997 -0.513422 0.339849
0.275578 -0.368016 -0.440433
-0.419468 -0.006382 -0.452761
-0.505280 -0.236404 -0.443769
-0.439728 -0.509497 0.161909
0.336800 0.603491 0.052961
-0.499797 -0.082659 -0.463216
-0.475258 0.348325 0.288663
0.521079 -0.218315 -0.355219
0.205004 -0.504617 0.362738
-0.326532 -0.396594 0.446967
0.138062 0.406780 -0.457463
0.564069 0.312658 -0.018448
-0.064954 0.313722 -0.521125
0.554788 0.324557 -0.125531
-0.208979 -0.318395 -0.533239
-0.360895 0.442601 -0.231352
-0.155759 0.154264 -0.592754
0.387562 -0.240083 0.506837
-0.432176 0.415116 0.070604
-0.609774 -0.474636 -0.470099
-0.065529 0.649424 0.072809
0.632722 0.162246 0.036032
0.283677 -0.237120 -0.535732
0.068276 -0.482016 -0.422081
-0.217912 -0.449759 0.394202
0.447658 -0.210330 0.745184
-0.301925 -0.447268 -0.374197
-0.527062 -0.327192 0.222378
-0.150029 0.469383 0.467179
-0.601663 -0.142508 0.096113
0.076373 -0.400504 -0.538303
-0.118546 -0.397399 0.515459
0.400921 0.276240 -0.391259
-0.476694 0.208064 0.466792
0.271292 -0.392997 0.377279
-0.236128 -0.603033 -0.161148
0.140856 -0.631827 0.137062
0.573325 -0.131084 0.176128
0.577496 -0.018273 0.239002
-0.177700 -0.611483 -0.271228
0.290746 0.568386 0.104976
0.205701 -0.777241 0.167972
0.209284 -0.559121 0.067180
0.217469 -0.768142 -0.089037
0.456356 -0.031252 -0.506899
-0.407831 -0.420248 0.224948
0.091190 0.624313 -0.090569
-0.378156 0.333963 0.432116
0.013660 -0.416925 -0.461166
0.445715 0.419144 0.138163
0.493791 -0.235099 0.251378
0.446389 0.461999 -0.161678
-0.192724 -0.630784 0.047392
-0.541782 0.265889 -0.232862
-0.351071 -0.454520 0.227806
0.512556 0.534349 -0.349995
-0.476441 0.453791 0.020405
0.039378 -0.181906 -0.607745
0.331310 0.321707 0.485506
-0.052875 -0.668005 -0.123230
0.396238 -0.431083 -0.282020
-0.398312 -0.430837 0.379828
0.529647 -0.217832 0.272138
0.549191 0.254588 0.088268
-0.301882 0.515624 -0.268120
0.491722 0.365136 -0.071169
-0.313686 -0.122869 0.609839
-0.454887 0.717969 0.044179
-0.099986 -0.459169 -0.502130
-0.554869 0.316112 0.247822
